526
94757 0
94 0 1
76 0 2
774 0 3
3 0 3 4
1336 0 4
4 0 4 3
1708 1
12 1 3
7 1 4
79 3
1017 4
9 4 3
576
95649 0
80 0 1
1 0 1 3
296 0 2
8 0 2 1
1 0 2 1 4
1 0 2 3
2 0 2 4
608 0 3
8 0 3 4
2189 0 4
1 0 4 1
14 0 4 3
38 3
749 4
12 4 3
582
35085 0
32 0 1
3 0 1 4
78 0 2
2 0 2 3
9 0 2 4
452 0 3
2 0 3 1
12 0 3 4
342 0 4
59365 1
35 1 0
290 1 2
6 1 2 4
304 1 3
503 1 4
1 1 4 0
6 1 4 3
375 3
1 3 4
1141 4
2140 4 0
8 4 0 3
14 4 3
469
3 0
88504 1
121 1 0
1 1 0 3
2 1 0 4
2 1 0 4 3
1233 1 2
3 1 2 0
6 1 2 3
12 1 2 4
1246 1 3
1 1 3 0
16 1 3 2
7 1 3 2 4
3 1 3 4
1503 1 4
7 1 4 0
3 1 4 2
2 1 4 3
101 3
6884 4
4 4 0
12 4 1
1 4 1 3
64 4 3
496
56498 0
47 0 1
1 0 1 3
1 0 1 4
328 0 2
2 0 2 3
3 0 2 4
759 0 3
1 0 3 4
462 0 4
3 0 4 3
36317 1
13 1 0
23 1 2
676 1 3
1 1 3 2
3 1 3 4
597 1 4
3 1 4 3
123 3
1 3 4
3831 4
201 4 1
1 4 2
44 4 3
449
88568 0
64 0 1
1 0 1 4
134 0 2
1 0 2 4
856 0 3
1 0 3 1
1 0 3 2
20 0 3 4
931 0 4
6 0 4 2
3 0 4 3
26 1
47 3
5 3 0
8446 4
18 4 0
67 4 1
6 4 2
717 4 3
1 4 3 1
460
91680 0
72 0 1
167 0 2
1 0 2 3
1 0 2 4
943 0 3
1 0 3 1
11 0 3 2
7 0 3 4
1540 0 4
4 0 4 3
27 1
243 3
1 3 0
1 3 4
5577 4
1 4 0
14 4 1
9 4 2
42 4 3
579
95358 0
606 0 1
5 0 1 3
3 0 1 4
1 0 1 4 3
173 0 2
1180 0 3
3 0 3 4
1474 0 4
1 0 4 2
24 0 4 3
593 1
2 1 2
3 1 3
6 1 4
33 3
337 4
451
1 0
80013 1
260 1 0
261 1 2
1193 1 3
3 1 3 4
1221 1 4
4 1 4 0
9 1 4 3
92 3
2 3 4
12728 4
3726 4 0
6 4 0 1
4 4 0 2
23 4 0 3
300 4 1
1 4 1 3
3 4 2
642 4 3
600
96821 0
194 0 1
5 0 1 4
207 0 2
1 0 2 3
2 0 2 4
924 0 3
1 0 3 4
975 0 4
2 0 4 2
2 0 4 3
459 1
2 1 4
14 3
409 4
2 4 3
558
587 0
2 0 3
11 0 4
94598 1
164 1 0
210 1 2
1 1 2 3
1451 1 3
2 1 3 0
5 1 3 4
2962 1 4
1 1 4 0
1 1 4 2
11 1 4 3
47 3
320 4
2 4 0
2 4 3
397
75104 0
41 0 1
2 0 1 3
1631 0 2
2 0 2 1
70 0 2 3
13 0 2 4
817 0 3
1316 0 4
4 0 4 3
4835 1
15 1 0
5 1 2
19 1 3
52 1 4
240 3
2 3 4
13310 4
74 4 0
516 4 1
63 4 2
1876 4 3
1 4 3 2
557
95682 0
74 0 1
53 0 2
1402 0 3
1 0 3 2
95 0 3 4
1260 0 4
5 0 4 2
5 0 4 3
71 3
2 3 4
1440 4
1 4 1
1 4 3
389
7608 0
2 0 1
1 0 2
73 0 3
28 0 4
5 0 4 1
31686 1
33 1 0
62 1 2
1 1 2 3
1 1 2 4
669 1 3
9 1 3 2
2 1 3 4
681 1 4
1 1 4 2
4 1 4 3
1 2
131 3
15202 4
3014 4 0
8 4 0 1
4 4 0 2
24 4 0 3
148 4 1
3 4 2
40316 4 3
65 4 3 0
20 4 3 1
56 4 3 2
523
91978 0
134 0 1
1 0 1 4
107 0 2
1 0 2 3
784 0 3
3 0 3 4
1106 0 4
1 0 4 2
2 0 4 3
1 1
64 3
5732 4
4 4 0
2 4 1
5 4 2
103 4 3
524
35017 0
44 0 1
34 0 2
389 0 3
2 0 3 2
5 0 3 4
636 0 4
1 0 4 1
5 0 4 3
59472 1
14 1 0
72 1 2
1 1 2 3
764 1 3
1 1 3 4
1240 1 4
6 1 4 3
336 3
7 3 4
1599 4
3 4 0
2 4 1
7 4 3
438
93546 0
87 0 1
1 0 1 3
98 0 2
668 0 3
2414 0 4
1 0 4 2
10 0 4 3
2 1
553 3
46 3 4
2173 4
5 4 1
3 4 2
18 4 3
619
1258 0
3 0 2
3 0 3
342 0 4
3 0 4 3
94367 1
186 1 0
1 1 0 3
1 1 0 4
246 1 2
1 1 2 3
1 1 2 4
2026 1 3
3 1 3 0
3 1 3 2
18 1 3 4
1307 1 4
4 1 4 3
21 3
180 4
1 4 3
437
1 0
6610 1
1 1 0
2 1 2
89 1 3
45 1 4
22 3
18190 4
578 4 0
12 4 0 1
1 4 0 3
69348 4 1
89 4 1 0
82 4 1 2
1 4 1 2 0
421 4 1 3
4 4 1 3 0
15 4 2
4979 4 3
1 4 3 1
17 4 3 2
586
96965 0
65 0 1
77 0 2
769 0 3
1 0 3 2
9 0 3 4
1214 0 4
5 0 4 3
48 1
46 3
476 4
544
95331 0
119 0 1
138 0 2
822 0 3
13 0 3 4
1014 0 4
11 0 4 3
2 1
73 3
2160 4
5 4 2
41 4 3
500
89074 0
64 0 1
1 0 1 3
36 0 2
850 0 3
2 0 3 1
1 0 3 4
2078 0 4
2 0 4 1
7 0 4 2
11 0 4 3
4671 1
3 1 0
1 1 2
41 1 3
14 1 4
628 3
46 3 0
24 3 4
2228 4
69 4 3
580
81962 0
1572 0 1
12 0 1 3
14 0 1 4
158 0 2
668 0 3
1 0 3 4
1459 0 4
4 0 4 3
13097 1
5 1 0
5 1 2
63 1 3
262 1 4
2 1 4 3
61 3
865 4
2 4 3
526
1007 0
1 0 3
5 0 4
95721 1
152 1 0
7 1 0 3
1 1 0 4
64 1 2
956 1 3
2 1 3 4
1428 1 4
7 1 4 3
197 3
435 4
1 4 2
428
10 0
73609 1
7902 1 0
7 1 0 2
74 1 0 3
1 1 0 3 4
378 1 0 4
1 1 0 4 3
215 1 2
1 1 2 0
1013 1 3
3 1 3 4
863 1 4
2 1 4 3
376 3
25 3 4
6222 4
23 4 0
148 4 1
1 4 1 3
1 4 2
9675 4 3
59 4 3 0
4 4 3 1
18 4 3 2
553
2324 0
4 0 2
21 0 3
23 0 4
93135 1
950 1 0
4 1 0 3
255 1 0 4
3 1 0 4 3
191 1 2
13 1 2 3
1369 1 3
5 1 3 4
1071 1 4
1 1 4 0
3 1 4 3
40 3
1 3 4
428 4
553
68349 0
64 0 1
1 0 1 3
146 0 2
2 0 2 3
2 0 2 4
744 0 3
1 0 3 4
905 0 4
6 0 4 2
22448 1
20 1 0
4 1 2
496 1 3
2 1 3 4
156 1 4
179 3
6371 4
4 4 0
6 4 1
1 4 2
142 4 3
1 4 3 2
619
95874 0
87 0 1
2 0 1 3
95 0 2
1 0 2 4
1053 0 3
1 0 3 1
1 0 3 4
1287 0 4
2 0 4 2
1 1
25 3
1238 4
9 4 0
24 4 3
396
57966 0
33 0 1
64 0 2
3334 0 3
5 0 3 1
3 0 3 2
157 0 3 4
393 0 4
11809 1
35 1 0
3 1 2
87 1 3
112 1 4
438 3
15 3 1
10247 4
24 4 0
14987 4 1
8 4 1 0
48 4 1 2
131 4 1 3
5 4 2
277 4 3
526
94315 0
149 0 1
95 0 2
1147 0 3
9 0 3 1
13 0 3 4
1122 0 4
10 0 4 3
2777 1
11 1 3
65 1 4
33 3
3 3 4
728 4
1 4 0
3 4 3
618
97094 0
64 0 1
1 0 1 2
1 0 1 3
123 0 2
1 0 2 3
2 0 2 4
892 0 3
1 0 3 2
1 0 3 4
1338 0 4
2 0 4 1
4 0 4 3
17 1
30 3
49 4
401
78690 0
529 0 1
1 0 1 3
1 0 1 4
161 0 2
957 0 3
16 0 3 4
601 0 4
1 0 4 3
7856 1
6 1 0
16 1 2
96 1 3
88 1 4
320 3
20 3 1
1 3 2
3 3 4
9467 4
13 4 0
89 4 1
1 4 1 3
1028 4 3
520
95191 0
105 0 1
2 0 1 3
1 0 1 4
190 0 2
1 0 2 3
1 0 2 4
1082 0 3
2 0 3 1
6 0 3 4
1153 0 4
9 0 4 3
220 3
2 3 0
1976 4
34 4 0
1 4 1
162 4 3
602
96218 0
201 0 1
5 0 1 4
276 0 2
1 0 2 1
4 0 2 4
836 0 3
3 0 3 4
990 0 4
3 0 4 3
14 3
1580 4
9 4 1
1 4 3
636
16 0
95827 1
96 1 0
1 1 0 3
1 1 0 3 2
1 1 0 4
299 1 2
5 1 2 0
9 1 2 3
1445 1 3
7 1 3 4
1981 1 4
6 1 4 2
7 1 4 3
5 3
62 4
485
1 0
90334 1
158 1 0
3 1 0 3
155 1 2
3 1 2 0
1 1 2 3
1 1 2 4
1125 1 3
1 1 3 0
5 1 3 4
1419 1 4
2 1 4 3
1 2
105 3
6691 4
302 4 0
2 4 0 2
1 4 0 3
7 4 1
285 4 3
1 4 3 2
430
44 0
88457 1
51 1 0
1 1 0 3
178 1 2
2 1 2 4
1170 1 3
1 1 3 2
2 1 3 4
2086 1 4
2 1 4 2
5 1 4 3
193 3
9 3 4
6568 4
5 4 0
2 4 1
872 4 3
622
96173 0
80 0 1
1 0 1 3
60 0 2
1008 0 3
2 0 3 2
6 0 3 4
1198 0 4
1 0 4 1
5 0 4 3
32 3
949 4
1 4 1
6 4 3
504
86657 0
116 0 1
597 0 2
5 0 2 3
27 0 2 4
855 0 3
2 0 3 1
2 0 3 2
684 0 4
8648 1
6 1 0
8 1 2
39 1 3
96 1 4
1 1 4 3
99 3
2 3 4
1981 4
13 4 0
5 4 1
6 4 3
491
1310 0
5 0 1
1 0 2
23 0 3
31 0 4
86531 1
160 1 0
1 1 0 3
418 1 2
6 1 2 3
49 1 2 4
1079 1 3
1 1 3 0
4 1 3 2
3 1 3 4
1186 1 4
4 1 4 0
3 1 4 3
23 3
8857 4
14 4 0
185 4 1
6 4 1 3
11 4 2
535 4 3
473
49276 0
34 0 1
77 0 2
1 0 2 1
1 0 2 4
1071 0 3
20 0 3 4
545 0 4
1 0 4 3
44478 1
28 1 0
30 1 2
430 1 3
1 1 3 4
332 1 4
1 1 4 3
447 3
1 3 0
1 3 4
2960 4
4 4 0
18 4 1
22 4 3
609
89071 0
83 0 1
1 0 1 3
108 0 2
1 0 2 4
889 0 3
1 0 3 2
2 0 3 4
1122 0 4
14 0 4 3
8085 1
2 1 0
8 1 2
43 1 3
71 1 4
41 3
497 4
3 4 3
595
97647 0
207 0 1
348 0 2
1 0 2 3
6 0 2 4
881 0 3
1 0 3 2
3 0 3 4
993 0 4
48 1
2 1 3
39 3
65 4
381
85159 1
413 1 0
1 1 0 2
3 1 0 3
3 1 0 4
148 1 2
1796 1 3
1 1 3 0
11 1 3 4
1428 1 4
2 1 4 3
343 3
1 3 1
9684 4
189 4 0
8 4 1
3 4 2
545 4 3
409
4 0
4 1
108 3
17808 4
43778 4 0
33 4 0 1
416 4 0 2
853 4 0 3
23538 4 1
10 4 1 0
28 4 1 2
132 4 1 3
4 4 2
14257 4 3
15 4 3 0
30 4 3 1
12 4 3 2
515
95446 0
65 0 1
34 0 1 2
176 0 2
16 0 2 3
2 0 2 3 4
1 0 2 4
611 0 3
1 0 3 4
1405 0 4
3 0 4 1
1 0 4 2
31 0 4 3
585 1
7 1 3
207 3
3 3 4
930 4
1 4 0
2 4 3
497
90608 0
60 0 1
2 0 1 4
633 0 2
4 0 2 3
2 0 2 4
1374 0 3
2 0 3 1
2 0 3 2
8 0 3 4
1138 0 4
6 0 4 3
1934 1
3 1 2
6 1 3
18 1 4
1 2
2 2 3
30 3
3908 4
21 4 0
1 4 1
108 4 3
520
88745 0
247 0 1
4 0 1 3
123 0 2
4 0 2 4
1253 0 3
4 0 3 4
1439 0 4
6 0 4 3
6864 1
1 1 0
1 1 2
28 1 3
62 1 4
1 1 4 3
388 3
1 3 1
1 3 4
731 4
2 4 3
518
4074 0
1 0 1
1 0 2
88 0 3
38 0 4
90556 1
80 1 0
103 1 2
962 1 3
9 1 3 4
1456 1 4
3 1 4 0
4 1 4 2
5 1 4 3
1 2
45 3
2313 4
2 4 2
8 4 3
484
94847 0
137 0 1
84 0 2
747 0 3
1 0 3 1
2 0 3 4
895 0 4
2 0 4 1
5 0 4 3
17 1
166 3
1 3 4
2887 4
27 4 3
555
95086 0
98 0 1
34 0 2
1 0 2 4
1538 0 3
1 0 3 1
22 0 3 4
996 0 4
1 0 4 3
548 1
67 1 0
2 1 0 3
7 1 2
2 1 3
1 1 4
63 3
1339 4
14 4 3
395
3 0
1 1
80 3
16791 4
37763 4 0
104 4 0 1
2 4 0 1 3
24 4 0 2
190 4 0 3
68 4 1
1 4 1 3
14 4 2
46255 4 3
64 4 3 0
23 4 3 1
50 4 3 2
531
10472 0
4 0 1
16 0 2
113 0 3
108 0 4
85647 1
96 1 0
1 1 0 4
195 1 2
1 1 2 3
670 1 3
2 1 3 4
1945 1 4
4 1 4 3
62 3
357 4
463
77037 0
91 0 1
247 0 2
1 0 2 1
2 0 2 4
581 0 3
1094 0 4
5 0 4 3
13246 1
18 1 0
13 1 2
3 1 2 4
241 1 3
78 1 4
436 3
5 3 0
371 3 4
5770 4
471 4 0
36 4 1
7 4 2
292 4 3
471
13 0
86445 1
63 1 0
160 1 2
1220 1 3
1 1 3 0
12 1 3 4
953 1 4
1 1 4 2
4 1 4 3
49 3
10681 4
276 4 0
5 4 1
6 4 2
190 4 3
496
94094 0
69 0 1
2 0 1 4
97 0 2
1 0 2 3
1 0 2 4
711 0 3
7 0 3 4
1659 0 4
1 0 4 1
8 0 4 3
2 1
88 3
2944 4
4 4 0
4 4 1
3 4 2
49 4 3
499
96565 0
90 0 1
1 0 1 3
66 0 2
745 0 3
6 0 3 4
1614 0 4
2 0 4 1
9 0 4 3
75 1
65 1 3
111 3
956 4
8 4 3
458
40 0
1 0 3
87839 1
161 1 0
78 1 2
1 1 2 3
1052 1 3
17 1 3 0
7 1 3 4
1692 1 4
1 1 4 0
11 1 4 3
192 3
8103 4
86 4 0
40 4 1
2 4 2
383 4 3
667
98032 0
97 0 1
121 0 2
2 0 2 3
913 0 3
2 0 3 1
5 0 3 4
1072 0 4
2 0 4 3
10 3
20 4
482
652 0
5 0 3
88229 1
161 1 0
474 1 2
4 1 2 0
3 1 2 3
38 1 2 4
897 1 3
6 1 3 4
1696 1 4
1 1 4 0
16 1 4 2
11 1 4 3
42 3
7990 4
2 4 0
3 4 1
2 4 2
141 4 3
515
93865 0
110 0 1
2 0 1 3
211 0 2
1 0 2 3
1 0 2 4
831 0 3
1 0 3 2
3 0 3 4
1048 0 4
1 0 4 1
4 0 4 3
169 3
1 3 4
3397 4
6 4 0
6 4 1
43 4 3
404
4 0
92556 1
77 1 0
1 1 0 4
78 1 2
1122 1 3
1 1 3 0
1 1 3 2
1 1 3 4
1350 1 4
1 1 4 2
5 1 4 3
495 3
28 3 1
15 3 4
4112 4
1 4 0
2 4 1
16 4 2
27 4 3
501
2617 0
3 0 1
2 0 2
13 0 3
66 0 4
90651 1
150 1 0
3 1 0 3
8 1 0 4
61 1 2
962 1 3
3 1 3 2
1496 1 4
1 1 4 0
7 1 4 3
121 3
1 3 4
3908 4
1 4 0
22 4 1
1 4 2
30 4 3
491
63731 0
99 0 1
4 0 1 3
109 0 2
1 0 2 4
939 0 3
1 0 3 4
990 0 4
2 0 4 3
29631 1
132 1 0
2 1 0 3
24 1 2
275 1 3
1 1 3 4
531 1 4
3 1 4 3
50 3
5 3 4
3832 4
1 4 1
67 4 3
659
59524 0
58 0 1
2 0 1 3
1 0 1 4
60 0 2
608 0 3
1 0 3 2
4 0 3 4
474 0 4
8 0 4 3
37384 1
14 1 0
16 1 2
1015 1 3
7 1 3 4
563 1 4
3 1 4 3
1 2
15 3
1 3 4
253 4
2 4 1
2 4 3
482
79213 0
69 0 1
607 0 2
3 0 2 3
3 0 2 4
736 0 3
2 0 3 1
2 0 3 4
789 0 4
2 0 4 2
2 0 4 3
15471 1
68 1 0
2 1 0 4 3
8 1 2
103 1 3
1 1 3 4
191 1 4
225 3
2635 4
4 4 1
2 4 2
39 4 3
526
91950 1
480 1 0
2 1 0 2
7 1 0 3
20 1 0 4
156 1 2
1 1 2 4
1006 1 3
8 1 3 0
1 1 3 2
1 1 3 4
1332 1 4
2 1 4 0
2 1 4 3
7 3
4829 4
9 4 0
2 4 1
1 4 2
74 4 3
413
90966 0
50 0 1
88 0 2
751 0 3
2 0 3 1
8 0 3 4
2334 0 4
7 0 4 1
5 0 4 3
391 1
2 1 0
4 1 3
130 3
5354 4
6 4 0
8 4 1
95 4 3
537
74295 0
43 0 1
6 0 1 4
83 0 2
1 0 2 4
1244 0 3
3 0 3 2
19 0 3 4
3330 0 4
25 0 4 1
1 0 4 2
11 0 4 3
18267 1
4 1 0
13 1 2
97 1 3
128 1 4
1 1 4 3
112 3
11 3 4
1853 4
2 4 0
1 4 2
20 4 3
560
95611 0
46 0 1
250 0 2
3 0 2 3
1 0 2 3 4
11 0 2 4
1399 0 3
7 0 3 4
991 0 4
1 0 4 2
10 0 4 3
69 3
1084 4
1 4 0
10 4 3
528
5 0
1 0 3
93598 1
170 1 0
4 1 0 4
128 1 2
2 1 2 4
1333 1 3
2 1 3 0
3 1 3 2
10 1 3 4
3441 1 4
2 1 4 0
1 1 4 2
17 1 4 3
171 3
828 4
3 4 1
474
223 0
90369 1
157 1 0
824 1 2
2 1 2 3
8 1 2 4
3476 1 3
3 1 3 0
3 1 3 2
23 1 3 4
1 1 3 4 2
1066 1 4
28 1 4 0
1 1 4 2
6 1 4 3
107 3
1 3 4
4132 4
1 4 0
10 4 1
63 4 3
553
1 0
95119 1
108 1 0
168 1 2
11 1 2 3
774 1 3
5 1 3 4
2528 1 4
8 1 4 0
626 1 4 2
1 1 4 2 0
4 1 4 2 3
21 1 4 3
37 3
380 4
1 4 3
546
95882 0
103 0 1
1 0 1 3
2 0 1 4
125 0 2
3 0 2 3
612 0 3
1 0 3 4
1086 0 4
1 0 4 3
110 3
5 3 4
2180 4
5 4 1
85 4 3
479
2450 0
1 0 1
578 0 2
1 0 2 1
2 0 2 3
3 0 2 4
5 0 3
89920 0 4
68 0 4 1
132 0 4 2
777 0 4 3
5 1
73 3
5672 4
9 4 0
5 4 1
17 4 2
290 4 3
589
42005 0
36 0 1
29 0 2
440 0 3
1 0 3 4
342 0 4
2 0 4 1
54224 1
387 1 0
1 1 0 4
41 1 2
1 1 2 0
414 1 3
999 1 4
6 1 4 3
60 3
648 4
2 4 0
4 4 3
579
95717 1
87 1 0
252 1 2
1 1 2 3
1 1 2 4
2081 1 3
2 1 3 2
9 1 3 4
1436 1 4
4 1 4 3
55 3
215 4
1 4 0
412
731 0
4 0 3
1 0 4
84037 1
93 1 0
3 1 0 4
115 1 2
3 1 2 4
1424 1 3
1 1 3 2
8 1 3 4
1018 1 4
4 1 4 3
264 3
3 3 4
10536 4
455 4 0
1 4 0 3
33 4 1
3 4 2
958 4 3
5 4 3 0
602
3324 0
3 0 1
4 0 2
34 0 3
96 0 4
2 0 4 1
90206 1
135 1 0
92 1 2
1 1 2 4
1879 1 3
11 1 3 4
1424 1 4
1 1 4 0
11 1 4 2
5 1 4 3
18 3
2269 4
5 4 0
1 4 2
4 4 3
524
90612 0
56 0 1
119 0 2
1917 0 3
4 0 3 1
15 0 3 4
1066 0 4
15 0 4 1
1 0 4 2
1 0 4 3
3786 1
5 1 0
2 1 2
16 1 3
107 1 4
3 1 4 3
61 3
1991 4
3 4 0
1 4 1
2 4 2
24 4 3
524
51928 0
36 0 1
93 0 2
1 0 2 4
479 0 3
535 0 4
1 0 4 1
19 0 4 3
41312 1
59 1 0
43 1 2
490 1 3
3 1 3 0
2 1 3 4
533 1 4
1 1 4 0
3 1 4 3
242 3
3701 4
74 4 0
3 4 0 3
1 4 1
22 4 3
661
97139 0
293 0 1
1 0 1 3
186 0 2
1032 0 3
6 0 3 4
1136 0 4
5 0 4 3
5 3
176 4
548
96882 0
38 0 1
4 0 1 3
159 0 2
2 0 2 3
703 0 3
4 0 3 4
1003 0 4
8 0 4 3
19 1
80 3
1651 4
28 4 3
572
22 0
94462 1
52 1 0
1 1 0 3
69 1 2
1 1 2 3
1678 1 3
7 1 3 0
2 1 3 2
12 1 3 4
1452 1 4
2 1 4 0
1 1 4 2
10 1 4 3
1 2
78 3
1 3 4
1992 4
3 4 0
9 4 2
61 4 3
655
9 0
97081 1
197 1 0
150 1 2
1 1 2 4
960 1 3
4 1 3 4
1616 1 4
5 1 4 3
15 3
138 4
544
96172 0
105 0 1
160 0 2
621 0 3
10 0 3 2
1 0 3 4
1761 0 4
3 0 4 1
1 0 4 2
9 0 4 3
152 1
19 3
1 3 0
573 4
172 4 3
1 4 3 1
404
29786 0
44 0 1
202 0 2
1 0 2 3
261 0 3
353 0 4
1 0 4 3
32644 1
14 1 0
20 1 2
696 1 3
2 1 3 0
2 1 3 2
4 1 3 4
835 1 4
2 1 4 0
3 1 4 3
421 3
8 3 0
1 3 1
1 3 2
355 3 4
14134 4
2121 4 0
6 4 0 3
160 4 1
8 4 2
17616 4 3
11 4 3 0
49 4 3 1
3 4 3 2
536
56 0
95663 1
100 1 0
84 1 2
2 1 2 3
1680 1 3
1 1 3 0
8 1 3 4
956 1 4
4 1 4 3
51 3
1268 4
2 4 0
1 4 1
3 4 3
515
91557 0
92 0 1
1 0 1 3
74 0 2
1135 0 3
6 0 3 4
4113 0 4
10 0 4 1
5 0 4 2
28 0 4 3
51 1
80 3
2820 4
7 4 0
124 4 3
434
40 0
87712 1
71 1 0
1 1 0 2
114 1 2
893 1 3
2 1 3 4
1192 1 4
6 1 4 3
117 3
19 3 4
8008 4
1407 4 0
1 4 0 1
1 4 0 2
6 4 0 3
3 4 1
96 4 3
468
1819 0
8 0 2
12 0 3
68 0 4
1 0 4 1
86406 1
71 1 0
2 1 0 2
1 1 0 4
260 1 2
2 1 2 3
5 1 2 4
2049 1 3
2 1 3 2
10 1 3 4
2500 1 4
1 1 4 2
14 1 4 3
161 3
6304 4
2 4 0
8 4 1
14 4 2
148 4 3
404
60772 0
57 0 1
224 0 2
4 0 2 4
568 0 3
1 0 3 2
1 0 3 4
1007 0 4
1 0 4 2
13 0 4 3
248 1
116 3
1 3 2
1 3 4
14188 4
1251 4 0
30 4 0 3
163 4 1
2 4 1 2
15 4 2
21299 4 3
28 4 3 0
8 4 3 1
15 4 3 2
377
77224 0
51 0 1
1 0 1 3
336 0 2
6 0 2 3
21 0 2 4
502 0 3
4 0 3 4
1454 0 4
6 0 4 3
1248 1
13 1 3
2 1 4
339 3
2 3 1
28 3 4
14383 4
31 4 0
21 4 1
9 4 2
4775 4 3
2 4 3 0
1 4 3 1
1 4 3 2
615
367 0
1 0 3
96055 1
197 1 0
5 1 0 3
2 1 0 4
122 1 2
1 1 2 4
1547 1 3
8 1 3 4
1112 1 4
8 1 4 3
10 3
728 4
1 4 0
2 4 2
5 4 3
506
7 0
91589 1
102 1 0
1 1 0 3
123 1 2
956 1 3
2 1 3 4
3262 1 4
172 1 4 0
2 1 4 0 3
1 1 4 2
25 1 4 3
22 3
3677 4
3 4 0
113 4 1
34 4 3
424
85395 0
85 0 1
101 0 2
968 0 3
3 0 3 1
5 0 3 4
686 0 4
16 0 4 3
932 1
1 1 0
2 1 3
11 1 4
86 3
2 3 0
11237 4
8 4 0
16 4 1
7 4 2
386 4 3
391
65826 0
39 0 1
47 0 2
769 0 3
2 0 3 1
5 0 3 4
627 0 4
1 0 4 1
5344 1
1 1 0
5 1 2
30 1 3
18 1 4
88 3
58 3 0
1 3 1
13015 4
5 4 0
10 4 1
4 4 1 3
7 4 2
14107 4 3
64 4 3 0
9 4 3 1
5 4 3 2
580
1 0
96244 1
203 1 0
3 1 0 4
253 1 2
2 1 2 3
4 1 2 4
943 1 3
1 1 3 0
3 1 3 4
1515 1 4
4 1 4 0
3 1 4 3
45 3
374 4
428
18676 0
13 0 1
19 0 2
193 0 3
3 0 3 4
88 0 4
4 0 4 3
65893 1
62 1 0
1 1 0 3
221 1 2
3 1 2 4
1221 1 3
2 1 3 2
10 1 3 4
1215 1 4
4 1 4 3
164 3
1 3 4
10620 4
83 4 0
1 4 0 3
14 4 1
3 4 2
1150 4 3
435
92703 0
107 0 1
157 0 2
1008 0 3
1 0 3 2
1 0 3 4
1546 0 4
5 0 4 3
2 1
203 3
4286 4
27 4 0
2 4 1
50 4 3
