98384
1569 0
1 0 3
2 0 4
99 1
1 1 3
1 2
70 3
248 4
98911
1748 0
1 0 2
5 0 3
3 0 4
55 3
341 4
6 4 3
99793
126 0
1 0 2
955 1
1 1 0
4 1 3
3 1 4
1 2
203 3
423 4
283 4 0
1 4 0 1
4 4 3
98398
5 0
462 1
1 1 3
1 1 4
1 1 4 0
76 3
1281 4
3 4 3
98814
582 0
5 0 3
1 0 4
306 1
1 1 0
1 1 4
4 2
86 3
1 3 4
952 4
1 4 0
1 4 2
1 4 3
99735
681 0
4 0 4
14 1
1 2
50 3
2 3 0
1159 4
4 4 3
99295
586 0
1 0 3
3 0 4
6 1
1 2
136 3
1084 4
6 4 2
4 4 3
98924
1563 0
4 0 4
35 1
25 3
147 4
98336
5 0
147 1
1 1 4
61 3
1702 4
3 4 0
1 4 1
6 4 3
98932
1967 0
1 0 1
2 0 2
4 0 3
6 0 4
90 1
1 2
31 3
192 4
1 4 3
99633
183 0
1708 1
3 1 0
1 1 2
16 1 3
1 1 3 4
6 1 4
2 2
44 3
127 4
98519
61 0
35 1
7 2
134 3
1469 4
1 4 0
4 4 1
6 4 2
6 4 3
98623
1406 0
3 0 3
7 0 4
4 1
2 2
80 3
474 4
99958
15 0
1 0 4
7 1
107 3
1598 4
5 4 0
1 4 1
16 4 3
98611
588 0
1 0 3
1 0 4
2 1
2 2
54 3
1357 4
3 4 3
98421
320 0
3 0 3
1 0 4
617 1
4 1 3
1 1 4
193 3
1 3 4
543 4
4 4 3
100291
926 0
1 0 1
1 0 2
3 0 3
4 0 4
1 1
317 3
2 3 4
563 4
1 4 3
98301
70 0
2 0 4
1776 1
1 1 2
7 1 3
3 1 4
2 2
39 3
81 4
98557
17 1
1 2
32 3
1712 4
1 4 0
3 4 1
1 4 2
11 4 3
98790
1641 0
1 0 1
1 0 2
5 0 3
6 0 4
25 1
1 2
66 3
205 4
1 4 3
98843
1292 0
1 0 2
2 0 4
2 2
60 3
2 3 4
640 4
2 4 0
2 4 2
2 4 3
99013
751 0
1 0 2
3 0 4
103 1
407 3
6 3 0
3 3 4
526 4
3 4 3
98181
1503 0
1 0 1
1 0 2
2 0 3
14 0 4
343 1
2 2
48 3
241 4
1 4 3
98672
182 0
1355 1
2 1 3
5 1 4
1 2
131 3
196 4
1 4 3
98794
8 0
432 1
1 1 3
4 1 4
1 2
217 3
1 3 4
1064 4
1 4 0
1 4 1
14 4 3
99668
263 0
2 0 4
1686 1
2 1 3
3 1 4
2 2
43 3
237 4
1 4 2
98806
277 0
215 1
1 1 3
2 2
133 3
1333 4
1 4 0
2 4 1
4 4 3
99478
1565 0
1 0 2
5 0 3
2 0 4
3 2
33 3
332 4
1 4 3
98527
85 0
1 0 2
69 1
244 3
1 3 0
1 3 1
1389 4
3 4 0
13 4 1
1 4 2
6 4 3
99706
1700 0
2 0 1
1 0 2
3 0 3
6 0 4
52 1
1 2
43 3
173 4
98553
2236 0
1 0 1
13 0 3
8 0 4
21 1
2 2
25 3
58 4
98690
75 0
78 1
3 2
151 3
1421 4
1 4 0
3 4 1
1 4 2
17 4 3
99480
999 0
7 0 3
2 0 4
1 1
2 2
155 3
461 4
3 4 0
7 4 3
98528
1333 0
2 0 3
2 0 4
1 1
42 3
393 4
1 4 1
1 4 3
98591
11 0
1820 1
4 1 3
7 1 4
1 2
10 3
46 4
99710
3 0
598 1
2 1 3
3 1 4
1 2
93 3
1228 4
2 4 2
2 4 3
98226
6 0
459 1
2 1 4
2 2
159 3
1231 4
2 4 0
5 4 3
98834
1562 0
1 0 2
5 0 3
11 0 4
1 1
38 3
311 4
98633
925 0
1 0 1
1 0 3
2 0 4
224 1
1 1 4
84 3
2 3 4
650 4
1 4 0
98403
8 0
343 1
1 1 3
1 1 4
3 2
32 3
1462 4
12 4 3
99930
364 0
464 1
1 1 3
1 2
271 3
752 4
1 4 0
1 4 1
2 4 3
98620
1276 0
1 0 2
7 0 3
3 0 4
418 1
6 1 4
1 2
35 3
203 4
99852
1853 0
3 0 2
2 0 3
8 0 4
24 1
3 1 3
43 3
44 4
98767
2 0
162 1
1 1 3
1 2
222 3
1462 4
4 4 0
1 4 2
4 4 3
99114
6 0
2 1
2 2
81 3
1745 4
15 4 0
2 4 1
14 4 3
98780
1327 0
2 0 3
2 0 4
40 1
137 3
1 3 4
311 4
99434
936 0
4 0 2
1 0 4
41 1
1 2
2 2 3
34 3
915 4
2 4 0
98670
1066 0
6 0 3
3 0 4
321 1
1 1 3
3 2
252 3
278 4
98626
374 0
747 1
4 1 3
2 1 4
55 3
1 3 4
802 4
3 4 3
99736
979 0
1 0 1
2 0 3
1 0 4
11 1
2 2
104 3
722 4
7 4 3
98889
1316 0
6 0 3
6 0 4
145 1
1 1 3
1 2
60 3
1 3 4
459 4
1 4 3
99212
7 0
2 2
80 3
1809 4
3 4 0
23 4 3
98229
145 0
1 0 3
1752 1
2 1 3
5 1 4
1 2
64 3
201 4
98635
254 0
1 0 4
92 1
1 2
270 3
10 3 4
1199 4
1 4 0
5 4 3
98720
4 0
147 1
1 2
49 3
1 3 4
1661 4
1 4 1
4 4 2
7 4 3
98847
1107 0
1 0 3
3 0 4
3 1
86 3
711 4
1 4 3
98664
1577 0
2 0 2
1 0 3
4 0 4
13 1
82 3
1 3 4
303 4
99314
7 0
312 1
2 1 4
109 3
1253 4
1 4 0
4 4 3
99087
1998 0
1 0 1
1 0 2
5 0 3
2 0 4
1 1
1 2
20 3
29 4
99080
73 0
202 1
1 1 3
36 3
1590 4
1 4 0
7 4 3
98486
799 0
5 0 3
4 0 4
2 1
2 2
105 3
945 4
3 4 3
98656
6 0
473 1
4 1 3
233 3
991 4
1 4 3
98668
132 0
608 1
2 1 4
98 3
1 3 4
1030 4
1 4 1
2 4 3
99057
331 0
1 0 3
1 0 4
552 1
2 1 3
3 2
46 3
1020 4
5 4 3
98856
666 0
1 0 3
846 1
1 1 3
4 1 4
3 2
23 3
94 4
98903
692 0
1 0 1
1 0 2
1 0 3
2 0 4
230 1
3 2
178 3
805 4
1 4 1
11 4 3
99188
1 0
799 1
1 1 2
2 1 3
2 2
22 3
1082 4
1 4 0
3 4 3
98918
286 0
14 1
1 2
99 3
1442 4
3 4 1
4 4 3
98470
705 0
1 0 3
2 0 4
511 1
2 1 4
70 3
1 3 4
493 4
1 4 0
99457
1519 0
1 0 2
4 0 3
5 0 4
2 1
59 3
1 3 4
424 4
99293
4 0
1347 1
1 1 2
2 1 3
6 1 4
3 2
128 3
410 4
1 4 1
98644
52 0
982 1
3 1 3
1 1 4
3 2
87 3
1 3 4
839 4
6 4 1
2 4 3
98639
1 0
1693 1
9 1 3
3 1 4
3 2
31 3
265 4
1 4 3
98716
1108 0
3 0 1
1 0 3
4 0 4
1 1
3 2
84 3
1 3 4
482 4
1 4 3
98274
379 0
2 0 2
1 0 3
260 0 4
2 1
1 2
59 3
1169 4
1 4 2
13 4 3
98311
564 0
2 0 3
2 0 4
996 1
1 1 0
6 1 3
4 1 4
2 2
55 3
250 4
98631
1 0
1493 1
6 1 3
1 1 4
33 3
100 4
100076
30 0
173 1
1 1 3
3 2
166 3
1 3 4
1397 4
1 4 1
1 4 2
6 4 3
98661
103 0
955 1
4 1 3
1 1 4
1 2
37 3
900 4
1 4 0
3 4 3
99098
988 0
1 0 2
4 0 4
85 1
1 1 3
1 1 4
2 2
59 3
762 4
3 4 0
4 4 3
99268
692 0
3 0 3
1 0 4
155 1
2 2
144 3
734 4
2 4 3
98672
2025 0
5 0 3
3 0 4
2 1
2 2
18 3
99 4
98608
1426 0
3 0 3
7 0 4
10 1
3 2
74 3
579 4
98702
6 0
1379 1
1 1 3
2 1 4
2 2
64 3
447 4
1 4 2
1 4 3
98136
4 0
2165 1
1 1 0
3 1 3
4 1 4
3 2
24 3
68 4
98549
1651 0
1 0 3
7 0 4
42 1
1 2
34 3
278 4
23 4 3
99626
24 0
68 1
2 2
243 3
1 3 1
1 3 2
1490 4
1 4 2
23 4 3
98744
7 0
1384 1
1 1 0
5 1 4
1 2
68 3
457 4
98959
733 0
2 0 1
3 0 3
71 0 4
14 1
2 2
75 3
889 4
3 4 3
98470
8 0
453 1
1 1 3
1 1 4
3 2
67 3
1236 4
7 4 0
1 4 0 3
9 4 3
98607
22 0
526 1
1 1 2
2 1 3
1 2
121 3
1279 4
2 4 3
99009
170 0
1 0 3
9 1
1 2
69 3
1375 4
1 4 0
9 4 3
99415
66 0
1 0 3
12 1
1 1 4
162 3
1 3 4
1511 4
1 4 1
3 4 3
98885
48 0
1640 1
2 1 2
3 1 3
4 1 4
1 2
18 3
185 4
2 4 2
1 4 3
99530
2 0
950 1
6 1 3
1 2
47 3
918 4
1 4 0
2 4 1
2 4 3
98638
134 0
68 1
1 1 4
2 2
63 3
1 3 0
1479 4
18 4 3
98754
123 0
1 0 4
39 1
4 2
59 3
4 3 0
1595 4
17 4 3
99406
5 0
1845 1
3 1 3
1 2
64 3
187 4
1 4 1
98473
113 0
231 1
1 1 2
1 1 3
2 1 4
2 2
120 3
1314 4
1 4 0
10 4 3
98513
650 0
2 0 2
11 0 4
2 1
116 3
1274 4
1 4 3
