99695
444 0
1 0 4
38 1
1 2
31 3
77 4
100099
566 0
1 0 4
5 1
23 3
117 4
3 4 3
101615
36 0
1 0 2
269 1
1 1 3
1 1 4
3 2
79 3
113 4
79 4 0
1 4 3
100452
1 0
112 1
37 3
1 3 4
418 4
1 4 3
99739
176 0
2 0 3
85 1
1 1 4
1 2
33 3
285 4
1 4 3
100130
170 0
1 0 3
4 1
32 3
337 4
1 4 3
99848
161 0
2 0 4
2 1
1 2
60 3
1 3 0
379 4
2 4 2
1 4 3
100141
435 0
10 1
2 2
11 3
45 4
100339
1 0
36 1
2 2
33 3
1 3 4
532 4
3 4 3
100878
638 0
1 0 1
25 1
2 2
17 3
74 4
99796
53 0
1 0 3
479 1
9 1 3
2 1 4
2 2
19 3
44 4
100568
12 0
9 1
5 2
62 3
428 4
1 4 0
1 4 1
1 4 2
99742
418 0
1 0 1
1 0 3
3 2
42 3
170 4
100422
8 0
2 1
2 2
29 3
436 4
4 4 3
100695
153 0
1 0 3
2 0 4
17 3
391 4
100178
84 0
197 1
3 1 3
2 1 4
1 2
63 3
173 4
100945
233 0
1 0 3
1 0 4
1 1
1 2
100 3
1 3 4
183 4
1 4 2
99580
21 0
517 1
1 1 4
8 3
38 4
99689
3 0
5 1
1 2
16 3
564 4
1 4 1
1 4 2
3 4 3
100497
522 0
1 0 3
2 0 4
8 1
31 3
91 4
99816
423 0
2 0 3
1 0 4
1 1
19 3
192 4
99891
221 0
2 0 4
30 1
1 2
131 3
2 3 0
1 3 4
164 4
1 4 3
99897
468 0
6 0 4
84 1
22 3
88 4
100013
57 0
396 1
2 2
43 3
59 4
100309
3 0
126 1
73 3
1 3 4
311 4
3 4 1
3 4 3
100591
74 0
1 0 2
507 1
3 1 3
2 1 4
1 2
26 3
69 4
99944
64 0
57 1
1 2
42 3
401 4
2 4 3
100217
479 0
4 0 3
2 0 4
2 1
4 2
18 3
90 4
1 4 3
100655
17 0
12 1
1 2
76 3
415 4
1 4 0
2 4 1
1 4 2
99866
514 0
1 0 1
2 0 3
2 0 4
16 1
1 2
26 3
62 4
99785
662 0
3 0 3
1 0 4
4 1
2 2
18 3
17 4
100053
19 0
28 1
43 3
431 4
1 4 0
2 4 3
100628
299 0
2 0 3
3 2
57 3
159 4
2 4 0
99772
393 0
1 0 3
1 1
26 3
132 4
99822
5 0
594 1
3 1 3
1 1 4
9 3
21 4
100301
1 0
164 1
36 3
386 4
1 4 2
1 4 3
100008
1 0
120 1
58 3
366 4
3 4 3
100011
479 0
2 0 4
1 1
1 2
15 3
134 4
100244
272 0
2 0 4
65 1
29 3
176 4
1 4 3
100118
102 1
12 3
426 4
5 4 3
100511
119 0
118 1
1 1 2
82 3
282 4
1 4 0
1 4 3
100538
369 0
3 0 3
1 0 4
146 1
1 1 3
1 2
17 3
76 4
101095
518 0
2 0 3
1 0 4
8 1
1 1 3
2 2
13 3
19 4
100204
1 0
39 1
1 2
74 3
425 4
1 4 2
99654
1 0
1 1
1 2
23 3
507 4
2 4 0
2 4 3
99863
408 0
1 0 3
17 1
1 2
50 3
2 3 4
89 4
100000
302 0
2 0 2
19 1
27 3
297 4
99947
325 0
2 0 3
1 0 4
108 1
72 3
1 3 1
93 4
100692
107 0
207 1
1 1 3
2 2
23 3
231 4
99983
259 0
1 0 3
1 0 4
7 1
31 3
232 4
99558
423 0
6 0 4
47 1
1 2
27 3
148 4
100335
4 0
2 1
1 2
21 3
497 4
1 4 0
4 4 3
99786
32 0
505 1
2 1 4
34 3
59 4
99932
67 0
20 1
1 1 3
2 2
92 3
1 3 4
368 4
2 4 3
100424
1 0
31 1
1 1 4
21 3
510 4
1 4 1
2 4 3
99594
350 0
2 0 4
1 2
30 3
202 4
1 4 3
100327
438 0
1 0 4
5 1
32 3
95 4
99940
3 0
84 1
1 2
44 3
417 4
1 4 0
5 4 3
100323
626 0
2 0 4
2 1
1 2
15 3
15 4
100349
22 0
59 1
1 2
16 3
462 4
99788
228 0
2 0 3
3 0 4
1 2
42 3
293 4
100881
1 0
134 1
1 1 4
1 2
74 3
1 3 1
333 4
99642
44 0
158 1
40 3
326 4
99635
100 0
1 0 4
154 1
1 1 4
3 2
12 3
314 4
2 4 3
100161
213 0
2 0 4
241 1
1 1 0
1 1 3
14 3
37 4
101888
186 0
2 0 3
66 1
1 2
48 3
1 3 4
253 4
99989
1 0
217 1
1 1 3
1 2
18 3
350 4
99913
79 0
1 0 4
8 1
1 2
36 3
406 4
1 4 0
1 4 2
100556
200 0
1 0 2
150 1
1 1 2
1 1 3
32 3
1 3 4
163 4
100863
403 0
1 0 4
1 2
28 3
120 4
1 4 0
100328
399 1
1 1 3
2 1 4
5 2
42 3
112 4
100687
13 0
330 1
1 1 2
1 1 4
27 3
261 4
1 4 1
2 4 3
99782
523 1
1 1 3
2 2
9 3
79 4
100051
355 0
1 0 4
1 1
4 2
32 3
1 3 4
146 4
100615
112 0
70 0 4
4 1
1 2
23 3
313 4
4 4 3
99914
172 0
1 0 3
1 0 4
290 1
1 1 0
1 1 3
1 1 4
2 2
22 3
69 4
100360
2 0
395 1
11 3
32 4
100196
16 0
43 1
48 3
469 4
1 4 0
3 4 3
99675
23 0
301 1
1 1 3
1 2
19 3
271 4
100914
255 0
1 0 3
1 0 4
20 1
1 2
33 3
247 4
1 4 0
1 4 3
100016
174 0
31 1
54 3
226 4
100071
662 0
1 0 3
1 0 4
2 1
2 2
12 3
36 4
100822
436 0
1 0 1
1 0 3
2 0 4
6 1
28 3
180 4
100486
1 0
422 1
1 1 4
3 2
28 3
153 4
1 4 2
1 4 3
100752
3 0
620 1
3 1 3
1 2
16 3
27 4
101318
493 0
1 0 3
1 0 4
20 1
1 2
20 3
87 4
3 4 3
99713
9 0
8 1
85 3
416 4
6 4 3
100148
2 0
395 1
3 1 3
1 2
35 3
150 4
100040
227 0
1 0 2
1 0 3
16 0 4
8 1
31 3
289 4
1 4 3
100259
5 0
102 1
4 2
26 3
390 4
4 4 0
1 4 3
99762
4 0
119 1
1 1 0
1 1 4
3 2
38 3
377 4
99596
55 0
1 1
27 3
463 4
1 4 3
100805
15 0
7 1
60 3
1 3 4
397 4
1 4 3
100762
16 0
467 1
1 1 0
5 1 3
1 1 4
2 2
10 3
71 4
2 4 2
100498
5 0
237 1
2 1 3
1 2
20 3
258 4
100242
29 0
17 1
3 2
25 3
437 4
6 4 3
99847
36 0
6 1
3 2
14 3
495 4
6 4 3
101036
1 0
599 1
1 1 3
15 3
61 4
100225
29 0
59 1
3 2
44 3
372 4
1 4 0
2 4 3
99724
185 0
1 0 4
3 1
1 2
40 3
379 4
4 4 3
