66491 0
46 0 1
1205 0 2
10 0 2 1
12 0 2 3
11 0 2 4
27978 0 3
55 0 3 1
165 0 3 2
6 0 3 2 4
406 0 3 4
3906 0 4
2 0 4 1
6 0 4 2
34 0 4 3
14 1
3 4
62676 0
66 0 1
1 0 1 4
12050 0 2
2919 0 2 1
18 0 2 1 3
540 0 2 1 4
2 0 2 1 4 3
622 0 2 3
2 0 2 3 4
1092 0 2 4
5 0 2 4 1
11 0 2 4 3
14922 0 3
17 0 3 1
9 0 3 2
584 0 3 4
2 0 3 4 1
4478 0 4
2 0 4 1
5 0 4 2
200 0 4 3
1 4
62568 0
105 0 1
1 0 1 4
12414 0 2
3 0 2 1
183 0 2 3
1 0 2 3 4
7755 0 2 4
10 0 2 4 1
48 0 2 4 3
12598 0 3
6 0 3 1
35 0 3 2
287 0 3 4
2244 0 4
26 0 4 3
1915 1
7 1 0
70 1 2
1 1 2 4
20 1 3
27 1 4
4 4
44 4 0
25297 1
546 1 0
2 1 0 3
4 1 0 4
11666 1 2
23 1 2 0
201 1 2 3
86 1 2 3 4
3153 1 2 4
11 1 2 4 3
50625 1 3
45 1 3 0
673 1 3 2
541 1 3 2 4
664 1 3 4
6524 1 4
133 1 4 0
3 1 4 2
91 1 4 3
1 3
12 4
60737 0
52 0 1
2 0 1 4
22672 0 2
937 0 2 1
9 0 2 1 3
17 0 2 1 4
270 0 2 3
331 0 2 4
3 0 2 4 3
6343 0 3
3 0 3 2
70 0 3 4
2554 0 4
37 0 4 1
4 0 4 2
32 0 4 3
2621 1
6 1 0
1 1 2
3613 1 3
2 1 3 2
22 1 3 4
66 1 4
2 1 4 3
7 4
2 4 1
71208 0
254 0 1
1 0 1 2
84 0 1 4
4144 0 2
11 0 2 1
115 0 2 3
1 0 2 3 4
96 0 2 4
18911 0 3
2 0 3 1
79 0 3 2
1239 0 3 4
2 0 3 4 1
4246 0 4
51 0 4 1
137 0 4 2
5 0 4 2 3
213 0 4 3
1 3
17 4
3 4 1
3 4 3
1
69680 0
35 0 1
15809 0 2
25 0 2 1
1 0 2 1 4
954 0 2 3
4 0 2 3 1
16 0 2 3 4
263 0 2 4
24 0 2 4 3
8462 0 3
4 0 3 1
3 0 3 2
124 0 3 4
4757 0 4
9 0 4 1
3 0 4 2
284 0 4 3
7 4
2
62679 0
1166 0 1
16 0 1 3
49 0 1 4
5521 0 2
1396 0 2 1
16 0 2 1 3
14 0 2 1 4
73 0 2 3
78 0 2 4
1 0 2 4 1
24455 0 3
11 0 3 1
22 0 3 2
238 0 3 4
4165 0 4
7 0 4 2
129 0 4 3
72 1
20808 1
1808 1 0
988 1 0 2
2 1 0 2 3
20 1 0 2 4
10 1 0 3
12 1 0 4
302 1 2
2 1 2 3
2 1 2 4
15784 1 3
2 1 3 0
2 1 3 2
114 1 3 4
1873 1 4
5 1 4 3
1 3
27 4
56100 4 0
279 4 0 1
4 4 0 1 3
689 4 0 2
3 4 0 2 3
1593 4 0 3
1 4 0 3 1
1 4 0 3 2
3 4 1
9 4 3
1
63791 0
44 0 1
26674 0 2
50 0 2 1
445 0 2 3
1 0 2 3 4
1497 0 2 4
6 0 2 4 3
4408 0 3
1 0 3 1
19 0 3 4
3225 0 4
14 0 4 2
49 0 4 3
5 1
2 4
6 0
30049 1
73 1 0
2527 1 2
40 1 2 3
47 1 2 4
53175 1 3
66 1 3 0
56 1 3 2
1 1 3 2 0
432 1 3 4
13084 1 4
24 1 4 0
113 1 4 2
2 1 4 2 3
511 1 4 3
34611 0
47 0 1
59521 0 2
115 0 2 1
1 0 2 1 3
1 0 2 1 4
990 0 2 3
22 0 2 3 4
1280 0 2 4
8 0 2 4 3
959 0 3
1 0 3 1
10 0 3 4
2275 0 4
29 0 4 3
195 1
1 1 0
1 1 3 4
3 1 4
35 4
1 4 0
8 4 1
20 4 3
74937 0
78 0 1
1 0 1 2
940 0 2
2 0 2 1
14 0 2 3
11 0 2 4
17635 0 3
12 0 3 1
36 0 3 2
449 0 3 4
1 0 3 4 1
5994 0 4
7 0 4 1
196 0 4 2
3 0 4 2 3
50 0 4 3
2 4
3446 0
8 0 1
3 0 2
56 0 3
23 0 4
5 0 4 3
19739 1
107 1 0
3 1 0 2
502 1 2
4 1 2 0
4 1 2 3
1 1 2 4
14142 1 3
4 1 3 0
6 1 3 2
87 1 3 4
4677 1 4
4 1 4 0
35 1 4 2
58 1 4 3
27 4
53609 4 0
254 4 0 1
1 4 0 1 3
272 4 0 2
1625 4 0 3
1 4 0 3 1
2 4 0 3 2
1 4 1
909 4 3
457 4 3 0
77 4 3 1
1 4 3 1 0
67833 0
50 0 1
17390 0 2
11 0 2 1
435 0 2 3
2 0 2 3 4
214 0 2 4
10354 0 3
12 0 3 1
2 0 3 1 4
41 0 3 2
99 0 3 4
3532 0 4
1 0 4 1
6 0 4 2
122 0 4 3
13 4
1 4 3
50766 0
89 0 1
2 0 1 2
1 0 1 4
3735 0 2
29 0 2 1
60 0 2 3
38 0 2 4
18503 0 3
12 0 3 1
3298 0 3 2
15 0 3 2 1
1 0 3 2 1 4
40 0 3 2 4
762 0 3 4
3179 0 4
1664 0 4 3
2 0 4 3 1
10982 1
7 1 0
7 1 2
6145 1 3
1 1 3 0
8 1 3 2
46 1 3 4
912 1 4
3 1 4 2
2 3
2 4
76414 0
114 0 1
2 0 1 3
3274 0 2
6 0 2 1
40 0 2 3
166 0 2 4
15057 0 3
26 0 3 1
40 0 3 2
1 0 3 2 4
220 0 3 4
5173 0 4
7 0 4 1
1 0 4 2
76 0 4 3
1 3
2 4
419 0
3 0 2
276 0 4
2 0 4 3
27519 1
306 1 0
3 1 0 3
9 1 0 4
824 1 2
3 1 2 3
22 1 2 4
64794 1 3
144 1 3 0
1 1 3 0 4
248 1 3 2
666 1 3 4
5345 1 4
1 1 4 2
51 1 4 3
112 1
1 1 3
1 1 4
41 4
15 4 0
1 4 0 1
87925 4 1
880 4 1 0
20 4 1 0 3
294 4 1 2
5 4 1 2 3
11290 4 1 3
31 4 1 3 0
29 4 1 3 2
38 4 3
75261 0
77 0 1
170 0 2
1 0 2 3
1 0 2 4
13912 0 3
9 0 3 1
34 0 3 2
173 0 3 4
8517 0 4
7 0 4 1
22 0 4 2
2484 0 4 3
1 0 4 3 1
2 0 4 3 2
69383 0
63 0 1
1 0 1 3
7874 0 2
21 0 2 1
211 0 2 3
1 0 2 3 4
1377 0 2 4
1 0 2 4 1
18 0 2 4 3
7979 0 3
2 0 3 1
1195 0 3 2
13 0 3 2 4
461 0 3 4
7710 0 4
4 0 4 1
2 0 4 2
4444 0 4 3
9 0 4 3 1
1 4
1 4 3
63953 0
543 0 1
1 0 1 2
4 0 1 3
13 0 1 4
123 0 2
30509 0 3
27 0 3 1
59 0 3 2
461 0 3 4
4505 0 4
12 0 4 1
14 0 4 2
106 0 4 3
81 1
4 4
67771 0
4321 0 1
6 0 1 2
84 0 1 3
174 0 1 4
1 0 1 4 3
851 0 2
7 0 2 3
5 0 2 4
22202 0 3
48 0 3 1
2 0 3 1 4
47 0 3 2
339 0 3 4
3309 0 4
16 0 4 1
1 0 4 2
133 0 4 3
1 0 4 3 2
1184 1
7 1 3
434 1 4
1 1 4 0
1 1 4 3
3 4
10 0
32421 1
7229 1 0
12 1 0 2
1853 1 0 3
39 1 0 3 4
461 1 0 4
1 1 0 4 3
365 1 2
1 1 2 0
1 1 2 3
6 1 2 4
49257 1 3
20 1 3 0
87 1 3 2
492 1 3 4
7781 1 4
4 1 4 2
126 1 4 3
1 3
1 4
21239 1
26538 1 0
108 1 0 2
1246 1 0 3
21 1 0 3 4
6998 1 0 4
2 1 0 4 2
25 1 0 4 3
1497 1 2
134 1 2 0
2 1 2 0 4
14 1 2 3
9 1 2 4
37046 1 3
18 1 3 0
1 1 3 0 4
27 1 3 2
297 1 3 4
4774 1 4
3 1 4 0
4 1 4 2
37 1 4 3
10 4
1 4 1
143 4 3
1 4 3 0
8995 0
1 0 1
574 0 3
4 0 3 4
174 0 4
1 0 4 3
21667 1
7344 1 0
54 1 0 2
81 1 0 3
46109 1 0 4
347 1 0 4 2
3 1 0 4 2 3
440 1 0 4 3
159 1 2
6 1 2 3
6 1 2 4
11896 1 3
13 1 3 0
10 1 3 2
257 1 3 4
2032 1 4
10 1 4 0
1 1 4 2
428 1 4 3
66380 0
42 0 1
5 0 1 4
5013 0 2
40 0 2 1
417 0 2 3
2 0 2 3 4
153 0 2 4
1 0 2 4 3
20130 0 3
14 0 3 1
4 0 3 2
385 0 3 4
1804 0 4
1 0 4 1
2666 0 4 2
1 0 4 2 1
21 0 4 2 3
9 0 4 3
2641 1
5 1 0
311 1 3
1 1 3 4
27 1 4
16 4
3 4 3
1 4 3 2
72920 0
183 0 1
6 0 1 3
10391 0 2
30 0 2 1
1 0 2 1 3
182 0 2 3
261 0 2 4
2 0 2 4 1
1 0 2 4 3
12986 0 3
8 0 3 1
18 0 3 2
219 0 3 4
2999 0 4
1 0 4 2
179 0 4 3
5 4
34215 0
44 0 1
1 0 1 4
136 0 2
2 0 2 4
59604 0 3
24 0 3 1
81 0 3 2
2569 0 3 4
1 0 3 4 1
626 0 4
3 0 4 3
1366 1
7 1 0
48 1 3
26 1 4
2 1 4 3
24 4
1348 4 1
4 4 1 0
1 4 1 2
40 4 1 3
2 4 3
57590 0
43 0 1
3 0 1 3
638 0 2
7 0 2 3
18 0 2 4
38586 0 3
28 0 3 1
99 0 3 2
1 0 3 2 1
661 0 3 4
1374 0 4
37 0 4 3
858 1
1 1 2
162 1 3
1 1 3 4
28 1 4
1 4
73862 0
119 0 1
2 0 1 3
24 0 1 4
7059 0 2
10 0 2 1
79 0 2 3
263 0 2 4
3 0 2 4 3
12627 0 3
5 0 3 1
63 0 3 2
163 0 3 4
1 0 3 4 2
6226 0 4
8 0 4 1
141 0 4 2
482 0 4 3
3 0 4 3 2
72371 0
505 0 1
9 0 1 2
14 0 1 3
1396 0 1 4
1 0 1 4 2
24 0 1 4 3
1727 0 2
8 0 2 1
7 0 2 3
12 0 2 4
19692 0 3
8 0 3 1
51 0 3 2
328 0 3 4
2 0 3 4 2
3543 0 4
6 0 4 2
68 0 4 3
814 1
165 1 3
10 1 4
14 4
8 4 3
1
69977 0
323 0 1
13 0 1 3
4 0 1 4
940 0 2
9 0 2 3
71 0 2 4
10 0 2 4 3
18338 0 3
29 0 3 1
1 0 3 1 4
16 0 3 2
304 0 3 4
9672 0 4
8 0 4 1
335 0 4 2
3 0 4 2 3
290 0 4 3
1 4
1 4 3
64353 0
88 0 1
24947 0 2
42 0 2 1
362 0 2 3
3 0 2 3 1
1543 0 2 4
7 0 2 4 3
5340 0 3
3 0 3 1
5 0 3 2
43 0 3 4
3300 0 4
1 0 4 2
167 0 4 3
5 4
1
31283 1
2022 1 0
50 1 0 3
6 1 0 3 2
2 1 0 3 4
109 1 0 4
1791 1 2
6 1 2 0
599 1 2 3
2 1 2 3 0
10 1 2 4
50135 1 3
34 1 3 0
1 1 3 0 4
110 1 3 2
330 1 3 4
13551 1 4
33 1 4 0
27 1 4 2
1 1 4 2 3
322 1 4 3
1 1 4 3 0
1 3
32088 1
243 1 0
1 1 0 3
1069 1 2
9 1 2 3
9 1 2 4
56744 1 3
51 1 3 0
2 1 3 0 4
145 1 3 2
504 1 3 4
9343 1 4
16 1 4 0
32 1 4 2
72 1 4 3
14 4
5 4 0
3 4 3
25315 1
175 1 0
33 1 0 3
106 1 2
67644 1 3
57 1 3 0
29 1 3 2
507 1 3 4
1 1 3 4 2
6198 1 4
7 1 4 0
54 1 4 3
8 4
10 4 3
73651 0
77 0 1
6 0 1 4
740 0 2
5 0 2 3
4 0 2 4
22331 0 3
11 0 3 1
23 0 3 2
522 0 3 4
1 0 3 4 2
3266 0 4
1 0 4 1
275 0 4 3
72808 0
97 0 1
2459 0 2
6 0 2 1
487 0 2 3
1 0 2 3 1
9 0 2 3 4
55 0 2 4
21128 0 3
15 0 3 1
13 0 3 2
492 0 3 4
2435 0 4
4 0 4 1
16 0 4 2
29 0 4 3
588 1
17 1 3
8 1 4
2 4
6799 0
93 0 1
1038 0 3
10 0 3 4
419 0 4
3 0 4 3
25732 1
293 1 0
1 1 0 2
1 1 0 3
1 1 0 4
6800 1 2
56 1 2 0
173 1 2 3
14 1 2 3 0
1 1 2 3 4
3180 1 2 4
23 1 2 4 3
50564 1 3
162 1 3 0
91 1 3 2
542 1 3 4
1 1 3 4 2
4212 1 4
100 1 4 0
5 1 4 2
43 1 4 3
17 4
105 4 1
1 4 1 3
4 4 3
71974 0
87 0 1
12709 0 2
2020 0 2 1
16 0 2 1 3
47 0 2 1 4
1 0 2 1 4 3
414 0 2 3
227 0 2 4
8509 0 3
2 0 3 1
8 0 3 2
259 0 3 4
2272 0 4
4 0 4 1
2 0 4 2
8 0 4 3
1950 1
1 1 2
85 1 3
12 1 4
1 3
7 4
1 4 1
66241 0
75 0 1
4 0 1 4
12826 0 2
677 0 2 1
7 0 2 1 3
7 0 2 1 4
168 0 2 3
3 0 2 3 4
304 0 2 4
5 0 2 4 3
17572 0 3
20 0 3 1
75 0 3 2
392 0 3 4
97 0 3 4 2
1629 0 4
22 0 4 3
113 1
2 1 4
3 4
64312 0
428 0 1
2 0 1 2
4 0 1 3
2 0 1 4
27102 0 2
55 0 2 1
379 0 2 3
3 0 2 3 4
3543 0 2 4
5 0 2 4 1
14 0 2 4 3
2426 0 3
25 0 3 4
1839 0 4
18 0 4 3
22971 1
689 1 0
13 1 0 3
53 1 0 4
110 1 2
1 1 2 4
75238 1 3
63 1 3 0
38 1 3 2
1 1 3 2 0
480 1 3 4
936 1 4
2 1 4 3
17 4
6 4 0
5 4 3
24 4
69156 4 0
65 4 0 1
2 4 0 1 2
1185 4 0 2
2 4 0 2 1
8 4 0 2 3
7865 4 0 3
8 4 0 3 1
2 4 0 3 2
21420 4 1
40 4 1 0
139 4 1 2
276 4 1 3
175 4 3
2 4 3 1
1 4 3 2
69548 0
96 0 1
304 0 1 2
2 0 1 2 3
3 0 1 3
5050 0 2
9 0 2 1
9236 0 2 3
5 0 2 3 1
85 0 2 3 4
1 0 2 3 4 1
169 0 2 4
6746 0 3
17 0 3 1
1 0 3 2
44 0 3 4
3241 0 4
6 0 4 1
6119 0 4 3
7 0 4 3 1
27 0 4 3 2
5 1
1 3
2 4
58687 0
37 0 1
28248 0 2
65 0 2 1
465 0 2 3
4 0 2 3 4
897 0 2 4
4 0 2 4 3
9224 0 3
6 0 3 1
9 0 3 2
113 0 3 4
2045 0 4
2 0 4 1
2 0 4 2
10 0 4 3
297 1
1 1 2
6 1 4
2 4
1 4 0
1
69395 0
252 0 1
15 0 1 3
1 0 1 4
854 0 2
15 0 2 3
2659 0 2 4
3 0 2 4 1
12 0 2 4 3
15599 0 3
3 0 3 1
43 0 3 2
3 0 3 2 4
210 0 3 4
9824 0 4
150 0 4 1
2 0 4 1 3
12 0 4 2
1255 0 4 3
2 0 4 3 2
92 1
3 4
5077 0
7 0 1
6 0 2
5609 0 3
4 0 3 2
73 0 3 4
88 0 4
1 0 4 3
30229 1
587 1 0
3 1 0 3
6 1 0 4
564 1 2
9 1 2 3
1 1 2 4
43802 1 3
25 1 3 0
31 1 3 2
312 1 3 4
13609 1 4
19 1 4 0
52 1 4 2
1 1 4 2 3
212 1 4 3
4 4
73285 0
121 0 1
9 0 1 3
10599 0 2
47 0 2 1
274 0 2 3
5 0 2 3 4
352 0 2 4
1 0 2 4 1
3 0 2 4 3
12627 0 3
20 0 3 1
8 0 3 2
231 0 3 4
2767 0 4
7 0 4 1
1 0 4 2
63 0 4 3
1 3
4 4
57414 0
68 0 1
1 0 1 4
108 0 2
39528 0 3
28 0 3 1
445 0 3 2
8 0 3 2 4
1090 0 3 4
4 0 3 4 1
1497 0 4
2 0 4 1
7 0 4 3
3 1
1 1 0
2 4
35 4
89946 4 0
569 4 0 1
2 4 0 1 3
961 4 0 2
9 4 0 2 3
8198 4 0 3
40 4 0 3 1
6 4 0 3 2
864 4 3
2 4 3 0
1 4 3 1
2 4 3 2
46618 0
49 0 1
1 0 1 4
4444 0 2
14 0 2 1
33 0 2 3
92 0 2 4
15956 0 3
12 0 3 1
21 0 3 2
727 0 3 4
1600 0 4
1 0 4 1
7 0 4 3
17101 1
131 1 0
4 1 0 3
3 1 0 4
1078 1 2
49 1 2 3
19 1 2 4
9638 1 3
14 1 3 0
6 1 3 2
88 1 3 4
2890 1 4
8 1 4 2
42 1 4 3
1
58945 0
40 0 1
26646 0 2
38 0 2 1
894 0 2 3
9 0 2 3 4
407 0 2 4
5278 0 3
1 0 3 1
11 0 3 2
110 0 3 4
4967 0 4
2 0 4 1
168 0 4 2
115 0 4 3
1797 1
1 1 0
5 1 2
1 1 2 3
924 1 3
13 1 3 4
60 1 4
8 3 4
4 4
27 4 0
1 4 0 3
3 4 3
30768 1
157 1 0
199 1 2
63760 1 3
191 1 3 0
79 1 3 2
662 1 3 4
4489 1 4
212 1 4 0
2 1 4 2
57 1 4 3
21 4
184 4 0
8 4 0 3
68583 0
172 0 1
8 0 1 3
12139 0 2
33 0 2 1
1149 0 2 3
3 0 2 3 4
221 0 2 4
11246 0 3
6 0 3 1
1 0 3 2
2 0 3 2 4
845 0 3 4
6428 0 4
7 0 4 1
5 0 4 2
107 0 4 3
2 4
1 4 1
71941 0
232 0 1
1 0 1 3
4 0 1 4
510 0 2
2 0 2 3
82 0 2 4
23219 0 3
12 0 3 1
38 0 3 2
1 0 3 2 4
206 0 3 4
4356 0 4
3 0 4 1
2 0 4 2
99 0 4 3
5 1 3
1 4
28631 1
1342 1 0
1 1 0 2
12 1 0 3
8 1 0 4
1210 1 2
4 1 2 3
54 1 2 4
56725 1 3
99 1 3 0
30 1 3 2
458 1 3 4
6 1 3 4 0
11603 1 4
14 1 4 0
10 1 4 2
170 1 4 3
14 4
2 4 3
69135 0
45 0 1
1 0 1 2
1 0 1 3
1 0 1 4
13549 0 2
50 0 2 1
2972 0 2 3
288 0 2 3 1
1 0 2 3 1 4
15 0 2 3 4
309 0 2 4
1 0 2 4 3
11471 0 3
3 0 3 1
47 0 3 2
279 0 3 4
2566 0 4
48 0 4 3
3 0
28153 1
42 1 0
13436 1 2
8916 1 2 0
85 1 2 0 3
122 1 2 0 4
409 1 2 3
2 1 2 3 0
1 1 2 3 4
3278 1 2 4
77 1 2 4 0
252 1 2 4 3
32351 1 3
22 1 3 0
17 1 3 2
298 1 3 4
12839 1 4
154 1 4 0
47 1 4 2
225 1 4 3
15 4
64084 0
192 0 1
6 0 1 3
25556 0 2
1067 0 2 1
6 0 2 1 3
9 0 2 1 4
1465 0 2 3
63 0 2 3 1
1 0 2 3 1 4
18 0 2 3 4
440 0 2 4
1 0 2 4 1
5 0 2 4 3
2279 0 3
3 0 3 1
2 0 3 2
13 0 3 4
5344 0 4
13 0 4 1
2 0 4 1 3
35 0 4 2
177 0 4 3
1 0 4 3 1
3 4
28872 1
463 1 0
5 1 0 3
7 1 0 4
292 1 2
2 1 2 3
55364 1 3
56 1 3 0
1 1 3 0 4
64 1 3 2
456 1 3 4
1 1 3 4 2
14776 1 4
22 1 4 0
2 1 4 2
201 1 4 3
1 3
3 4
1
26191 0
20 0 1
39 0 2
1 0 2 3
3048 0 3
43 0 3 4
1766 0 4
4 0 4 1
21 0 4 3
21780 1
705 1 0
8 1 0 3
19 1 0 4
27 1 2
31075 1 3
39 1 3 0
35 1 3 2
331 1 3 4
4 1 3 4 2
14857 1 4
23 1 4 0
40 1 4 2
296 1 4 3
4 4
62418 0
118 0 1
1 0 1 2
7 0 1 4
15706 0 2
83 0 2 1
177 0 2 3
2 0 2 3 4
405 0 2 4
7 0 2 4 3
12136 0 3
3 0 3 1
297 0 3 2
4 0 3 2 4
123 0 3 4
1839 0 4
2 0 4 1
16 0 4 3
3915 1
13 1 0
14 1 2
1377 1 3
26 1 3 4
1404 1 4
13 1 4 3
4 4
1 4 3
66490 0
307 0 1
6 0 1 3
2 0 1 4
390 0 2
521 0 2 3
5 0 2 3 4
3 0 2 4
22985 0 3
23 0 3 1
38 0 3 2
259 0 3 4
1702 0 4
1 0 4 2
37 0 4 3
4364 1
6 1 0
73 1 2
2772 1 3
1 1 3 0
34 1 3 4
314 1 4
3 1 4 3
66974 0
88 0 1
7606 0 2
7 0 2 1
677 0 2 3
7 0 2 3 1
1 0 2 3 4
144 0 2 4
12939 0 3
5 0 3 1
42 0 3 2
213 0 3 4
6066 0 4
4 0 4 1
17 0 4 2
2201 0 4 3
2 0 4 3 1
1 0 4 3 2
3158 1
177 1 0
3 1 0 4 3
2 1 2
85 1 3
114 1 4
9 4
1
27693 1
11327 1 0
132 1 0 2
1 1 0 2 3
150 1 0 3
2115 1 0 4
12 1 0 4 2
29 1 0 4 3
614 1 2
1 1 2 3
3 1 2 4
50863 1 3
31 1 3 0
39 1 3 2
379 1 3 4
6454 1 4
19 1 4 0
21 1 4 2
107 1 4 3
5 4
59260 0
270 0 1
1 0 1 3
1463 0 2
6 0 2 1
23 0 2 3
26 0 2 4
13043 0 3
5 0 3 1
360 0 3 2
4 0 3 2 4
130 0 3 4
24733 0 4
690 0 4 1
3 0 4 1 2
1 0 4 1 3
19 0 4 2
799 0 4 3
2 0 4 3 2
5 1
14 4
68526 0
131 0 1
7 0 1 4
2900 0 2
2 0 2 1
107 0 2 3
1 0 2 3 4
298 0 2 4
1 0 2 4 1
5 0 2 4 3
20240 0 3
28 0 3 1
34 0 3 2
260 0 3 4
7201 0 4
25 0 4 1
2 0 4 2
136 0 4 3
683 1
3 1 2
8 1 3
15 1 4
1 3
2 4
47887 0
113 0 1
2 0 1 3
26828 0 2
170 0 2 1
2 0 2 1 3
1 0 2 1 4
780 0 2 3
10 0 2 3 4
673 0 2 4
3 0 2 4 3
22201 0 3
26 0 3 1
38 0 3 2
604 0 3 4
1070 0 4
1 0 4 2
2 0 4 3
23759 1
153 1 0
3 1 0 3
2 1 0 4
1692 1 2
4 1 2 0
17 1 2 3
168 1 2 4
51813 1 3
45 1 3 0
92 1 3 2
1 1 3 2 4
408 1 3 4
21739 1 4
26 1 4 0
42 1 4 2
461 1 4 3
2 4
1 0
20049 1
42 1 0
851 1 2
1 1 2 0
93 1 2 3
3 1 2 4
65986 1 3
168 1 3 0
105 1 3 2
9 1 3 2 4
484 1 3 4
1 1 3 4 2
9726 1 4
2406 1 4 0
42 1 4 0 3
6 1 4 2
123 1 4 3
10 4
1 4 3
25721 1
250 1 0
4 1 0 3
14 1 0 4
51 1 2
1 1 2 3
12577 1 3
5 1 3 0
7 1 3 2
179 1 3 4
8140 1 4
1266 1 4 0
1 1 4 0 2
1 1 4 0 3
45830 1 4 2
658 1 4 2 0
3 1 4 2 0 3
6264 1 4 2 3
7 1 4 2 3 0
97 1 4 3
1 4
71854 0
1101 0 1
44 0 1 3
2 0 1 3 2
450 0 1 4
8 0 1 4 3
3507 0 2
2 0 2 1
42 0 2 3
634 0 2 4
19413 0 3
16 0 3 1
31 0 3 2
3 0 3 2 4
397 0 3 4
3227 0 4
7 0 4 1
1 0 4 2
50 0 4 3
4 4
20 0
11 0 2
89717 0 4
352 0 4 1
1 0 4 1 3
7391 0 4 2
4 0 4 2 1
39 0 4 2 3
3116 0 4 3
1 0 4 3 1
4 0 4 3 2
4 4
1 4 0
64392 0
43 0 1
1065 0 2
426 0 2 1
1 0 2 1 3
1 0 2 1 4
107 0 2 3
9 0 2 4
20163 0 3
13 0 3 1
27 0 3 2
1 0 3 2 4
420 0 3 4
1 0 3 4 1
2671 0 4
1 0 4 1
5 0 4 2
26 0 4 3
9275 1
40 1 0
17 1 2
521 1 3
1 1 3 0
2 1 3 4
985 1 4
4 1 4 0
1 1 4 2
7 1 4 3
1 4
27017 1
69 1 0
1004 1 2
14 1 2 3
9 1 2 4
69895 1 3
130 1 3 0
24 1 3 2
470 1 3 4
2571 1 4
29 1 4 3
4 0
25282 1
131 1 0
171 1 2
1 1 2 4
72106 1 3
58 1 3 0
76 1 3 2
459 1 3 4
1986 1 4
4 1 4 0
1 1 4 2
21 1 4 3
20 4
29 4 0
14 4 3
3053 0
1 0 2
358 0 3
221 0 4
2 0 4 3
19545 1
70 1 0
116 1 2
1 1 2 4
71127 1 3
71 1 3 0
8 1 3 0 4
46 1 3 2
523 1 3 4
1 1 3 4 2
5136 1 4
2 1 4 0
19 1 4 2
42 1 4 3
3 4
72547 0
206 0 1
18 0 1 4
477 0 2
8 0 2 3
1 0 2 4
21184 0 3
16 0 3 1
19 0 3 2
1 0 3 2 1
1 0 3 2 4
310 0 3 4
3857 0 4
995 0 4 1
1 0 4 1 2
23 0 4 1 3
6 0 4 2
59 0 4 3
750 1
15 1 0
29 1 3
60 1 4
4 4
52272 0
135 0 1
1 0 1 3
100 0 2
19603 0 3
29 0 3 1
76 0 3 2
312 0 3 4
3687 0 4
5 0 4 1
1 0 4 1 2
68 0 4 3
8285 1
9 1 0
61 1 2
2 1 2 3
14593 1 3
27 1 3 0
19 1 3 2
128 1 3 4
1315 1 4
6 1 4 0
2 1 4 2
24 1 4 3
5 4
73075 0
360 0 1
41 0 1 3
2 0 1 4
2468 0 2
2 0 2 1
22 0 2 3
48 0 2 4
15859 0 3
4 0 3 1
57 0 3 2
218 0 3 4
8594 0 4
7 0 4 1
12 0 4 2
517 0 4 3
1 4
74695 0
56 0 1
1284 0 2
8 0 2 3
7 0 2 4
15721 0 3
5 0 3 1
1 0 3 1 4
10 0 3 2
254 0 3 4
6971 0 4
5 0 4 1
37 0 4 2
1 0 4 2 1
3 0 4 2 3
1635 0 4 3
1 0 4 3 1
2 0 4 3 2
5 4
25997 1
102 1 0
8 1 0 4
152 1 2
14 1 2 3
67967 1 3
44 1 3 0
431 1 3 2
13 1 3 2 0
771 1 3 4
4484 1 4
19 1 4 0
16 1 4 2
34 1 4 3
5 4
1 4 3
30678 1
2287 1 0
93 1 0 3
42 1 0 4
995 1 2
2 1 2 3
155 1 2 4
53560 1 3
50 1 3 0
41 1 3 2
463 1 3 4
11854 1 4
2 1 4 0
24 1 4 2
109 1 4 3
1 4
72241 0
304 0 1
2 0 1 3
310 0 2
9 0 2 3
1 0 2 4
17997 0 3
12 0 3 1
193 0 3 2
1 0 3 2 1
4 0 3 2 4
578 0 3 4
1 0 3 4 2
7912 0 4
6 0 4 1
43 0 4 2
901 0 4 3
1 0 4 3 1
2 0 4 3 2
3 1
1 4
1 4 3
60765 0
266 0 1
3 0 1 3
4 0 1 4
11802 0 2
22 0 2 1
517 0 2 3
8 0 2 3 4
255 0 2 4
3 0 2 4 3
15402 0 3
11 0 3 1
19 0 3 2
439 0 3 4
1 0 3 4 2
3901 0 4
91 0 4 3
4002 1
1 1 0
10 1 2
1661 1 3
1 1 3 0
4 1 3 2
8 1 3 4
360 1 4
1 1 4 2
2 1 4 3
6 3 4
32 4
436 4 0
3 4 0 3
3 4 1
253 4 3
1 4 3 1
24971 1
165 1 0
2 1 0 3
702 1 2
5 1 2 3
8 1 2 4
71305 1 3
44 1 3 0
79 1 3 2
533 1 3 4
2657 1 4
72 1 4 3
1 4
64098 0
105 0 1
3049 0 2
9 0 2 1
63 0 2 3
286 0 2 4
1 0 2 4 3
14707 0 3
13 0 3 1
19 0 3 2
2792 0 3 4
1 0 3 4 1
5 0 3 4 2
14271 0 4
382 0 4 1
6 0 4 1 3
362 0 4 2
3 0 4 2 3
516 0 4 3
2 4
1 4 3
30534 1
1095 1 0
7 1 0 2
29 1 0 3
93 1 0 4
306 1 2
1 1 2 3
49573 1 3
34 1 3 0
28 1 3 2
293 1 3 4
6480 1 4
2 1 4 0
4 1 4 2
47 1 4 3
14 4
5569 4 0
3 4 0 1
1 4 0 2
6035 4 0 3
14 4 0 3 1
6 4 0 3 2
9836 0
4 0 1
2616 0 2
9 0 2 1
27 0 2 3
30 0 2 4
934 0 3
4 0 3 4
2195 0 4
49 0 4 3
24194 1
171 1 0
5054 1 2
4 1 2 0
116 1 2 3
365 1 2 4
126 1 2 4 0
6 1 2 4 0 3
9 1 2 4 3
42825 1 3
71 1 3 0
36 1 3 2
312 1 3 4
10907 1 4
3 1 4 0
6 1 4 2
516 1 4 3
12 4
3 4 3
64272 0
66 0 1
21106 0 2
493 0 2 1
4 0 2 1 3
9 0 2 1 4
356 0 2 3
1 0 2 3 4
1914 0 2 4
1 0 2 4 1
16 0 2 4 3
3468 0 3
1 0 3 1
10 0 3 2
14 0 3 4
7686 0 4
46 0 4 1
22 0 4 2
134 0 4 3
1 0 4 3 2
1 1
26 4
134 4 0
3 4 0 3
2 4 1
353 4 3
73565 0
177 0 1
14174 0 2
14 0 2 1
312 0 2 3
871 0 2 4
1 0 2 4 1
4 0 2 4 3
8434 0 3
3 0 3 1
8 0 3 2
90 0 3 4
3145 0 4
7 0 4 1
42 0 4 3
24 1
1 3
19 4
55 4 3
2 0
29797 1
957 1 0
138 1 0 3
1 1 0 3 4
53 1 0 4
312 1 2
1 1 2 3
2 1 2 4
63335 1 3
87 1 3 0
51 1 3 2
4 1 3 2 4
505 1 3 4
1 1 3 4 0
5129 1 4
3 1 4 0
2 1 4 2
37 1 4 3
1 4
15980 1
36 1 0
77 1 2
1 1 2 4
2658 1 3
1 1 3 2
24 1 3 4
42002 1 4
37885 1 4 0
673 1 4 0 2
4 1 4 0 2 3
466 1 4 0 3
115 1 4 2
1 1 4 2 3
643 1 4 3
14 4
1 4 1
63420 0
132 0 1
3 0 1 3
1 0 1 4
770 0 2
5 0 2 1
6 0 2 3
2 0 2 4
33572 0 3
29 0 3 1
180 0 3 2
1 0 3 2 1
1 0 3 2 4
830 0 3 4
1309 0 4
1 0 4 2
11 0 4 3
1 1
17 4
2 4 3
1
72807 0
62 0 1
1051 0 2
1 0 2 1
49 0 2 3
1 0 2 3 4
5 0 2 4
18128 0 3
4 0 3 1
15 0 3 2
154 0 3 4
4176 0 4
1 0 4 1
9 0 4 2
3663 0 4 3
11 0 4 3 1
186 1
1 1 0
18 1 3
1 1 4
29 4
1 4 1
177 4 3
4 4 3 0
32006 1
525 1 0
24 1 0 3
192 1 0 4
5 1 0 4 3
3703 1 2
53 1 2 0
156 1 2 3
347 1 2 4
3 1 2 4 3
52704 1 3
117 1 3 0
65 1 3 2
344 1 3 4
7989 1 4
1974 1 4 0
26 1 4 0 3
2 1 4 2
135 1 4 3
1 4
22014 0
12 0 1
105 0 2
8 0 2 3
4056 0 3
3 0 3 1
1 0 3 2
468 0 3 4
639 0 4
1 0 4 3
21970 1
92 1 0
3 1 0 4
477 1 2
12 1 2 3
5 1 2 4
47489 1 3
37 1 3 0
57 1 3 2
286 1 3 4
2659 1 4
1 1 4 0
42 1 4 3
20 4
1 4 0
6 4 3
1
64569 0
389 0 1
10 0 1 3
11 0 1 4
210 0 2
16 0 2 4
12848 0 3
4 0 3 1
46 0 3 2
1 0 3 2 4
112 0 3 4
21586 0 4
40 0 4 1
2 0 4 1 3
108 0 4 2
894 0 4 3
8 4
