5515
85152 0
43 0 1
58 0 2
1 0 2 4
393 0 3
6 0 3 4
603 0 4
3832 1
16 1 3
11 1 4
456 3
4294 4
6 4 0
1 4 2
45 4 3
5893
89038 0
68 0 1
72 0 2
1 0 2 1
1 0 2 4
308 0 3
4 0 3 4
948 0 4
1 0 4 1
4 0 4 3
10 1
212 3
3546 4
2 4 0
2 4 1
66 4 3
5600
11512 0
4 0 1
80 0 2
84 0 3
2 0 3 1
2 0 3 4
71 0 4
69963 1
42 1 0
96 1 2
1 1 2 4
253 1 3
421 1 4
2 1 4 0
2 1 4 3
2 2
1805 3
5 3 4
5309 4
5180 4 0
1 4 0 1
7 4 0 2
20 4 0 3
33 4 3
5309
20 0
62821 1
41 1 0
163 1 2
1 1 2 3
1 1 2 4
440 1 3
1 1 3 2
2 1 3 4
648 1 4
4 1 4 0
1 1 4 3
592 3
30038 4
31 4 0
43 4 1
4 4 2
259 4 3
5463
44262 0
37 0 1
47 0 2
2 0 2 4
565 0 3
217 0 4
31424 1
17 1 0
17 1 2
226 1 3
1 1 3 0
1 1 3 4
325 1 4
662 3
3 3 4
16962 4
3 4 0
108 4 1
4 4 2
134 4 3
5405
58410 0
39 0 1
32 0 2
367 0 3
6 0 3 4
443 0 4
2 0 4 2
1 0 4 3
170 1
1 1 3
3 1 4
258 3
15 3 0
1 3 4
34007 4
54 4 0
34 4 1
19 4 2
1354 4 3
5377
67966 0
42 0 1
58 0 2
411 0 3
8 0 3 2
10 0 3 4
673 0 4
2 0 4 3
127 1
2 2
1254 3
14 3 0
1 3 2
8 3 4
24175 4
2 4 0
58 4 1
61 4 2
159 4 3
5969
90457 0
149 0 1
83 0 2
444 0 3
2 0 3 4
664 0 4
4 0 4 3
1278 1
1 1 2
2 1 3
4 1 4
131 3
1515 4
5073
11 0
39904 1
69 1 0
68 1 2
420 1 3
1 1 3 4
348 1 4
2 1 4 3
2 2
531 3
13 3 4
51172 4
1678 4 0
4 4 0 2
3 4 0 3
356 4 1
1 4 1 3
13 4 2
786 4 3
2 4 3 0
5865
89690 0
91 0 1
1 0 1 4
83 0 2
5 0 2 4
479 0 3
3 0 3 4
475 0 4
1 0 4 3
1476 1
1 1 3
4 1 4
91 3
1935 4
12 4 3
5689
2380 0
4 0 3
30 0 4
88381 1
120 1 0
61 1 2
1 1 2 3
935 1 3
6 1 3 4
963 1 4
1 1 4 3
1 2
233 3
1364 4
7 4 0
2 4 3
4663
32673 0
12 0 1
173 0 2
6 0 2 3
2 0 2 4
259 0 3
2 0 3 4
326 0 4
1 0 4 3
4241 1
5 1 0
8 1 2
1 1 2 4
13 1 3
14 1 4
1354 3
53958 4
93 4 0
293 4 1
1 4 1 3
224 4 2
1734 4 3
2 4 3 2
6017
85998 0
29 0 1
29 0 2
579 0 3
18 0 3 4
580 0 4
1 0 4 2
444 3
5 3 4
6713 4
2 4 1
7 4 3
4993
4135 0
1 0 1
31 0 3
9 0 4
2 0 4 1
9386 1
3 1 0
13 1 2
108 1 3
1 1 3 2
2 1 3 4
118 1 4
1 1 4 3
818 3
1 3 1
1 3 4
61557 4
1165 4 0
3 4 0 1
9 4 0 3
164 4 1
33 4 2
18135 4 3
22 4 3 0
13 4 3 1
25 4 3 2
5478
68373 0
75 0 1
1 0 1 4
44 0 2
1 0 2 3
413 0 3
2 0 3 4
515 0 4
1 0 4 1
2 0 4 2
2 0 4 3
3 1
406 3
24899 4
27 4 0
10 4 1
19 4 2
179 4 3
1 4 3 0
5425
32666 0
27 0 1
19 0 2
246 0 3
2 0 3 4
299 0 4
1 0 4 3
51200 1
15 1 0
72 1 2
420 1 3
444 1 4
1 2
1846 3
13 3 4
7833 4
4 4 0
3 4 1
44 4 3
5211
80559 0
56 0 1
59 0 2
352 0 3
1 0 3 2
1237 0 4
1 0 4 2
3 0 4 3
12 1
2 2
3115 3
96 3 4
9833 4
11 4 1
11 4 2
67 4 3
5668
2002 0
1 0 3
107 0 4
90533 1
70 1 0
114 1 2
3 1 2 3
651 1 3
2 1 3 4
505 1 4
1 1 4 3
120 3
855 4
3 4 3
4858
3 0
5208 1
7 1 2
77 1 3
40 1 4
150 3
67473 4
460 4 0
2 4 0 1
17786 4 1
18 4 1 0
14 4 1 2
95 4 1 3
56 4 2
4254 4 3
2 4 3 0
2 4 3 1
5921
90833 0
32 0 1
40 0 2
382 0 3
720 0 4
1 0 4 3
246 1
1 2
298 3
2283 4
3 4 1
1 4 3
5678
83232 0
40 0 1
91 0 2
2 0 2 3
2 0 2 4
400 0 3
2 0 3 4
491 0 4
1 0 4 3
11 1
1 2
346 3
7 3 4
10270 4
9 4 0
3 4 1
16 4 2
126 4 3
5507
71536 0
52 0 1
29 0 2
351 0 3
1 0 3 4
1160 0 4
2 0 4 1
3 0 4 2
13 0 4 3
7951 1
5 1 0
3 1 2
42 1 3
25 1 4
2 2
3710 3
232 3 0
76 3 4
9777 4
2 4 0
2 4 1
13 4 2
131 4 3
5531
73112 0
309 0 1
48 0 2
1 0 2 3
302 0 3
706 0 4
3 0 4 3
15973 1
3 1 0
3 1 2
62 1 3
136 1 4
282 3
3547 4
1 4 1
2 4 2
34 4 3
5483
3207 0
4 0 3
4 0 4
87315 1
28 1 0
40 1 2
422 1 3
1 1 3 2
5 1 3 4
940 1 4
1 1 4 3
1020 3
1 3 0
1940 4
3 4 2
7 4 3
4793
67 0
56151 1
2062 1 0
14 1 0 3
86 1 0 4
44 1 2
1 1 2 3
386 1 3
1 1 3 2
2 1 3 4
363 1 4
1 1 4 3
2254 3
1 3 1
47 3 4
27227 4
68 4 0
1 4 0 1
513 4 1
1 4 1 3
4 4 2
6220 4 3
21 4 3 0
9 4 3 2
5685
4828 0
14 0 2
9 0 3
29 0 4
86512 1
139 1 0
18 1 0 4
73 1 2
7 1 2 3
474 1 3
1 1 3 4
460 1 4
2 1 4 3
238 3
1 3 0
3 3 4
2125 4
2 4 3
5057
50199 0
11 0 1
103 0 2
255 0 3
2 0 3 4
406 0 4
1 0 4 2
1 0 4 3
15598 1
7 1 0
4 1 2
152 1 3
79 1 4
1082 3
1 3 2
27263 4
10 4 0
30 4 1
8 4 2
200 4 3
1 4 3 2
5983
87306 0
24 0 1
29 0 2
1 0 2 3
970 0 3
3 0 3 4
619 0 4
2 0 4 2
2 0 4 3
5 1
1 2
159 3
1 3 4
5232 4
8 4 0
88 4 3
4833
30422 0
24 0 1
31 0 2
505 0 3
19 0 3 4
158 0 4
7243 1
8 1 0
2 1 2
52 1 3
47 1 4
2573 3
71 3 1
4 3 4
43780 4
132 4 0
10242 4 1
5 4 1 0
27 4 1 2
50 4 1 3
17 4 2
382 4 3
5616
88042 0
175 0 1
42 0 2
493 0 3
5 0 3 1
4 0 3 4
677 0 4
2 0 4 3
2514 1
5 1 3
50 1 4
281 3
5 3 4
3104 4
7 4 3
5983
92550 0
42 0 1
35 0 2
511 0 3
1 0 3 2
2 0 3 4
829 0 4
1 0 4 1
2 0 4 3
89 1
88 3
312 4
4712
40155 0
162 0 1
1 0 1 3
38 0 2
350 0 3
6 0 3 4
210 0 4
1 0 4 2
10168 1
1 1 0
3 1 2
96 1 3
79 1 4
1 2
1676 3
1 3 0
55 3 1
4 3 2
12 3 4
40473 4
39 4 0
344 4 1
8 4 2
1507 4 3
5389
83078 0
31 0 1
1 0 1 3
93 0 2
1 0 2 3
1 0 2 4
372 0 3
2 0 3 4
431 0 4
4 0 4 3
2 1
1365 3
5 3 4
8876 4
172 4 0
3 4 1
364 4 3
5938
86947 0
104 0 1
1 0 1 3
2 0 1 4
65 0 2
1 0 2 4
528 0 3
530 0 4
1 1
102 3
6774 4
2 4 0
26 4 1
8 4 3
6053
66 0
92372 1
28 1 0
1 1 0 4
66 1 2
1 1 2 3
618 1 3
1 1 3 0
1001 1 4
1 1 4 2
4 1 4 3
15 3
264 4
5283
3 0
64528 1
77 1 0
1 1 0 3
70 1 2
429 1 3
442 1 4
2 2
568 3
1 3 0
28573 4
162 4 0
2 4 0 2
14 4 1
16 4 2
395 4 3
5082
134 0
62720 1
19 1 0
81 1 2
3 1 2 4
334 1 3
2 1 3 4
790 1 4
3 1 4 3
1 2
1300 3
3 3 0
1 3 2
23 3 4
1 3 4 1
28692 4
57 4 0
8 4 1
1 4 2
1066 4 3
3 4 3 2
5997
88376 0
39 0 1
31 0 2
469 0 3
1 0 3 1
4 0 3 4
1252 0 4
3 0 4 3
8 1
182 3
4034 4
1 4 0
7 4 3
5568
72205 0
46 0 1
393 0 2
27 0 2 4
433 0 3
2 0 3 2
1 0 3 4
378 0 4
11581 1
6 1 0
5 1 2
36 1 3
63 1 4
557 3
16 3 4
8917 4
31 4 0
5 4 1
25 4 3
5182
825 0
1 0 1
1 0 2
5 0 3
4 0 4
55734 1
41 1 0
122 1 2
3 1 2 4
272 1 3
2 1 3 2
415 1 4
4 1 4 0
1 1 4 3
1 2
156 3
36757 4
21 4 0
183 4 1
28 4 2
786 4 3
5213
30316 0
17 0 1
19 0 2
293 0 3
4 0 3 4
138 0 4
47728 1
13 1 0
17 1 2
265 1 3
2 1 3 4
262 1 4
2198 3
1 3 0
3 3 4
13676 4
27 4 0
22 4 1
7 4 2
55 4 3
5882
73076 0
38 0 1
38 0 2
1 0 2 4
517 0 3
1 0 3 4
469 0 4
17906 1
2 1 0
10 1 2
84 1 3
92 1 4
183 3
1 3 4
2328 4
12 4 3
5863
92195 0
73 0 1
71 0 2
1 0 2 4
453 0 3
2 0 3 4
525 0 4
1 0 4 2
1 0 4 3
271 1
17 1 3
242 3
1 3 4
363 4
4 4 3
4749
8 0
49615 1
253 1 0
95 1 2
383 1 3
1 1 3 4
606 1 4
3 1 4 3
1 2
1963 3
2 3 1
1 3 2
2 3 4
41542 4
255 4 0
1 4 0 1
16 4 1
26 4 2
780 4 3
4686
35 0
4 1
579 3
4 3 1
7 3 4
66546 4
13377 4 0
14 4 0 1
79 4 0 2
248 4 0 3
7058 4 1
2 4 1 0
22 4 1 2
46 4 1 3
18 4 2
7935 4 3
9 4 3 0
13 4 3 1
23 4 3 2
5493
87099 0
48 0 1
3 0 1 2
67 0 2
2 0 2 3
280 0 3
565 0 4
2 0 4 3
1457 1
2 1 3
4 1 4
1251 3
12 3 4
4277 4
3 4 0
1 4 2
43 4 3
5543
74284 0
42 0 1
4 0 1 4
518 0 2
1 0 2 3
1 0 2 4
515 0 3
2 0 3 4
486 0 4
1 0 4 2
1761 1
1 1 3
1 1 4
23 2 3
226 3
16696 4
70 4 0
1 4 1
2 4 2
104 4 3
5377
74217 0
98 0 1
42 0 2
1225 0 3
1 0 3 2
2 0 3 4
616 0 4
12608 1
3 1 0
1 1 2
28 1 3
38 1 4
2072 3
2 3 0
15 3 1
3 3 4
3638 4
2 4 0
5 4 3
5237
8941 0
3 0 2
28 0 3
22 0 4
73391 1
35 1 0
54 1 2
465 1 3
3 1 3 4
583 1 4
4 1 4 3
1 2
241 3
11308 4
2 4 0
2 4 1
5 4 2
39 4 3
5520
80088 0
51 0 1
1 0 1 4
26 0 2
371 0 3
483 0 4
2 0 4 3
127 1
1 2
963 3
3 3 4
13042 4
2 4 0
1 4 1
5 4 2
120 4 3
1 4 3 2
5787
85099 0
49 0 1
19 0 2
653 0 3
3 0 3 4
571 0 4
1975 1
152 1 0
20 1 2
9 1 3
4 1 4
368 3
5425 4
2 4 0
34 4 3
4569
11 0
3 1
1 2
439 3
1 3 4
65283 4
9034 4 0
12 4 0 1
6 4 0 2
57 4 0 3
73 4 1
43 4 2
21016 4 3
20 4 3 0
6 4 3 1
17 4 3 2
5629
5866 0
3 0 2
15 0 3
29 0 4
85650 1
41 1 0
78 1 2
340 1 3
1 1 3 4
822 1 4
1 1 4 3
2 2
359 3
1820 4
1 4 3
4870
52364 0
41 0 1
51 0 2
205 0 3
1 0 3 4
608 0 4
3 0 4 3
12040 1
12 1 0
6 1 2
2 1 2 4
76 1 3
47 1 4
2620 3
9 3 0
707 3 4
25905 4
257 4 0
62 4 1
13 4 2
408 4 3
5279
58 0
49467 1
21 1 0
46 1 2
383 1 3
1 1 3 4
287 1 4
1 1 4 3
2 2
237 3
43942 4
204 4 0
25 4 1
25 4 2
446 4 3
5298
79850 0
18 0 1
1 0 1 4
39 0 2
311 0 3
795 0 4
4 0 4 3
8 1
562 3
13152 4
4 4 0
1 4 1
1 4 2
152 4 3
5164
88816 0
40 0 1
47 0 2
498 0 3
3 0 3 4
703 0 4
1 0 4 1
182 1
23 1 3
648 3
1 3 0
1 3 4
4366 4
1 4 0
26 4 3
5012
190 0
56308 1
32 1 0
26 1 2
297 1 3
29 1 3 0
662 1 4
1 1 4 3
1088 3
35488 4
146 4 0
365 4 1
9 4 2
827 4 3
6120
93107 0
33 0 1
1 0 1 4
90 0 2
527 0 3
1 0 3 4
549 0 4
1 0 4 3
3 1
81 3
170 4
5119
1946 0
1 0 2
11 0 3
8 0 4
57042 1
36 1 0
83 1 2
4 1 2 4
265 1 3
491 1 4
2 1 4 0
2 1 4 2
1 1 4 3
203 3
34815 4
10 4 0
4 4 1
9 4 2
451 4 3
5310
76776 0
47 0 1
50 0 2
1 0 2 3
415 0 3
410 0 4
1 0 4 3
6 1
997 3
2 3 4
16006 4
16 4 0
18 4 1
2 4 2
119 4 3
4780
28 0
72376 1
21 1 0
38 1 2
342 1 3
455 1 4
2 1 4 3
1 2
2678 3
77 3 1
42 3 4
19770 4
2 4 0
4 4 1
58 4 2
71 4 3
5240
4004 0
1 0 2
1 0 2 3
25 0 3
39 0 4
71342 1
23 1 0
1 1 0 4
46 1 2
1 1 2 3
398 1 3
1 1 3 4
475 1 4
2 1 4 3
776 3
5 3 4
18247 4
9 4 0
64 4 1
5 4 2
72 4 3
5332
42969 0
59 0 1
4 0 1 3
30 0 2
333 0 3
1 0 3 4
376 0 4
32776 1
40 1 0
1 1 0 4
8 1 2
124 1 3
234 1 4
1 1 4 0
305 3
9 3 4
17764 4
2 4 0
5 4 1
1 4 2
186 4 3
6138
50565 0
16 0 1
20 0 2
349 0 3
219 0 4
41044 1
17 1 0
29 1 2
372 1 3
2 1 3 4
333 1 4
1 1 4 3
83 3
1150 4
10 4 1
2 4 3
5334
66996 0
45 0 1
217 0 2
2 0 2 3
347 0 3
389 0 4
13519 1
15 1 0
1 1 2
61 1 3
51 1 4
1 2
1327 3
1 3 2
2 3 4
12252 4
8 4 1
1 4 2
134 4 3
5508
3 0
72815 1
66 1 0
2 1 0 4
122 1 2
1 1 2 3
407 1 3
2 1 3 0
646 1 4
4 1 4 3
71 3
1 3 4
20615 4
21 4 0
2 4 1
4 4 2
141 4 3
4934
70523 0
46 0 1
42 0 2
1 0 2 3
360 0 3
2 0 3 4
713 0 4
1 0 4 3
667 1
1 1 0
5 1 3
1 1 4
1 2
807 3
1 3 2
1 3 4
24858 4
22 4 0
32 4 1
2 4 2
223 4 3
5545
52983 0
21 0 1
33 0 2
399 0 3
1 0 3 1
5 0 3 4
993 0 4
1 0 4 1
1 0 4 2
2 0 4 3
31166 1
6 1 0
12 1 2
118 1 3
164 1 4
2 1 4 3
1 2
530 3
26 3 4
8504 4
8 4 0
3 4 2
78 4 3
5604
87924 0
26 0 1
36 0 2
1 0 2 1
1 0 2 4
545 0 3
1 0 3 1
529 0 4
2 0 4 2
3 1
306 3
2 3 4
5379 4
11 4 0
1 4 1
1 4 2
26 4 3
5547
52 0
87943 1
52 1 0
1 1 0 4
46 1 2
623 1 3
3 1 3 4
1174 1 4
1 1 4 2
2 1 4 3
935 3
2 3 0
1 3 2
4 3 4
4236 4
3 4 0
8 4 1
1 4 2
2 4 3
5341
855 0
74473 1
184 1 0
1 1 0 4
151 1 2
1 1 2 4
864 1 3
2 1 3 2
6 1 3 4
330 1 4
1 1 4 0
3 1 4 3
1 2
731 3
4 3 4
17221 4
3 4 0
38 4 1
8 4 2
190 4 3
5623
2 0
91374 1
44 1 0
1 1 0 3
89 1 2
3 1 2 3
343 1 3
762 1 4
43 1 4 2
1 1 4 2 3
2 1 4 3
190 3
1 3 2
2125 4
5 4 3
5488
84305 0
44 0 1
27 0 2
322 0 3
451 0 4
575 3
2 3 0
1 3 1
13 3 4
9279 4
4 4 0
7 4 1
2 4 2
128 4 3
5375
7256 0
5 0 1
478 0 2
4 0 2 3
2 0 2 4
14 0 3
60877 0 4
37 0 4 1
36 0 4 2
327 0 4 3
38 1
381 3
1 3 4
24621 4
34 4 0
9 4 1
61 4 2
718 4 3
5558
36444 0
10 0 1
12 0 2
238 0 3
2 0 3 4
189 0 4
1 0 4 3
53710 1
323 1 0
27 1 2
262 1 3
1 1 3 4
511 1 4
2 1 4 3
304 3
2907 4
4 4 0
1 4 1
10 4 3
6049
16 0
91506 1
49 1 0
95 1 2
921 1 3
3 1 3 2
2 1 3 4
533 1 4
2 1 4 3
237 3
1082 4
4829
1511 0
1 0 1
10 0 3
3 0 4
45411 1
26 1 0
42 1 2
2 1 2 3
352 1 3
332 1 4
2 1 4 3
1625 3
35 3 4
44556 4
449 4 0
3 4 0 3
42 4 1
7 4 2
1275 4 3
5 4 3 0
5552
2800 0
1 0 1
15 0 3
16 0 4
80249 1
52 1 0
19 1 2
461 1 3
2 1 3 4
526 1 4
2 1 4 2
165 3
11120 4
15 4 0
5 4 1
27 4 3
5294
79301 0
17 0 1
152 0 2
707 0 3
3 0 3 4
550 0 4
6 0 4 1
1 0 4 2
2 0 4 3
4647 1
2 1 0
38 1 3
1 1 3 4
61 1 4
344 3
9756 4
7 4 0
1 4 1
9 4 2
62 4 3
5475
50058 0
24 0 1
73 0 2
1 0 2 4
209 0 3
327 0 4
4 0 4 3
26724 1
19 1 0
18 1 2
150 1 3
1 1 3 0
1 1 3 4
213 1 4
1401 3
2 3 0
2 3 4
16175 4
113 4 0
11 4 0 3
12 4 1
94 4 3
6020
92484 0
91 0 1
65 0 2
1 0 2 3
486 0 3
1 0 3 4
634 0 4
2 1
34 3
828 4
1 4 1
3 4 3
5675
85699 0
21 0 1
80 0 2
380 0 3
523 0 4
1 0 4 3
65 1
446 3
1 3 0
3 3 4
7618 4
1 4 0
2 4 1
91 4 3
5698
90 0
1 0 4
84031 1
27 1 0
23 1 2
436 1 3
578 1 4
2 1 4 0
440 3
3 3 4
8746 4
14 4 0
1 4 1
34 4 2
137 4 3
6013
41 0
92426 1
96 1 0
25 1 2
324 1 3
1 1 3 4
641 1 4
1 1 4 0
2 2
72 3
690 4
1 4 3
5755
88930 0
50 0 1
63 0 2
356 0 3
1 0 3 2
1058 0 4
3 0 4 3
559 1
1 1 3
2 1 4
1 2
148 3
2 3 0
2855 4
1 4 1
608 4 3
1 4 3 0
4901
10302 0
11 0 1
19 0 2
56 0 3
96 0 4
1 0 4 3
13750 1
3 1 0
4 1 2
194 1 3
1 1 3 2
290 1 4
1 1 4 3
1 2
2447 3
11 3 0
2 3 1
11 3 2
379 3 4
54699 4
634 4 0
2 4 0 3
224 4 1
1 4 1 3
11 4 2
12195 4 3
1 4 3 0
17 4 3 1
5 4 3 2
5757
177 0
2 0 3
87116 1
64 1 0
1 1 0 4
34 1 2
513 1 3
1 1 3 0
1 1 3 4
482 1 4
1 1 4 3
402 3
1 3 4
6062 4
6 4 0
4 4 1
8 4 3
5365
75141 0
135 0 1
37 0 2
387 0 3
2 0 3 4
4874 0 4
3 0 4 1
2 0 4 2
25 0 4 3
237 1
1 1 3
1 2
476 3
1 3 4
13172 4
19 4 0
2 4 2
335 4 3
5083
99 0
57227 1
30 1 0
87 1 2
287 1 3
1 1 3 4
479 1 4
605 3
46 3 4
34629 4
1626 4 0
7 4 0 3
18 4 1
3 4 2
297 4 3
5095
1786 0
15 0 3
10 0 4
63972 1
17 1 0
35 1 2
645 1 3
1 1 3 0
1 1 3 2
6 1 3 4
659 1 4
927 3
1 3 2
6 3 4
27244 4
10 4 0
25 4 1
26 4 2
215 4 3
4857
26902 0
48 0 1
37 0 2
133 0 3
1 0 3 2
236 0 4
2 0 4 3
377 1
2 1 4
613 3
1 3 4
55977 4
716 4 0
25 4 0 3
177 4 1
2 4 1 3
40 4 2
10421 4 3
8 4 3 0
5 4 3 1
4 4 3 2
4766
33052 0
19 0 1
166 0 2
3 0 2 3
4 0 2 4
185 0 3
542 0 4
2 0 4 3
1310 1
2 1 0
1 1 3
8 1 4
1997 3
13 3 1
1 3 2
64 3 4
55218 4
31 4 0
54 4 1
22 4 2
3088 4 3
1 4 3 1
3 4 3 2
5831
844 0
2 0 1
2 0 4
89309 1
108 1 0
1 1 0 3
80 1 2
5 1 2 4
508 1 3
3 1 3 4
534 1 4
52 3
2914 4
3 4 0
11 4 2
9 4 3
5437
58 0
77158 1
49 1 0
1 1 0 4
54 1 2
440 1 3
1 1 3 4
634 1 4
4 1 4 0
6 1 4 3
161 3
16226 4
13 4 0
231 4 1
88 4 3
5077
42894 0
37 0 1
80 0 2
316 0 3
2 0 3 4
265 0 4
4 0 4 3
2900 1
8 1 0
4 1 3
31 1 4
2 2
523 3
17 3 0
47225 4
10 4 0
27 4 1
10 4 2
1091 4 3
4680
28363 0
19 0 1
18 0 2
173 0 3
1 0 3 4
161 0 4
3980 1
1 1 0
1 1 2
12 1 3
12 1 4
1 1 4 3
1 2
440 3
97 3 0
1 3 1
1 3 4
52136 4
13 4 0
13 4 1
19 4 2
10145 4 3
17 4 3 0
5 4 3 1
2 4 3 2
5677
2 0
91243 1
72 1 0
76 1 2
1 1 2 4
421 1 3
611 1 4
257 3
1872 4
5 4 3
5117
14692 0
7 0 1
5 0 2
77 0 3
2 0 3 4
50 0 4
33707 1
23 1 0
48 1 2
307 1 3
3 1 3 4
489 1 4
973 3
1 3 4
43283 4
96 4 0
43 4 1
7 4 2
1597 4 3
1 4 3 2
5149
74138 0
87 0 1
46 0 2
455 0 3
608 0 4
11 1
1046 3
1 3 4
19214 4
21 4 0
22 4 1
1 4 2
146 4 3
