86372
11797 0
2 0 1
4 0 2
21 0 3
47 0 4
842 1
1 1 2
1 1 3
371 3
1668 4
1 4 2
6 4 3
85916
13157 0
16 0 1
5 0 2
35 0 3
43 0 4
2 1
208 3
2182 4
36 4 3
86599
829 0
9 0 2
1 0 4
7460 1
1 1 0
3 1 2
21 1 3
39 1 4
3 2
1267 3
4 3 4
2622 4
1979 4 0
1 4 0 1
1 4 0 2
3 4 0 3
10 4 3
86814
12 0
4103 1
12 1 3
28 1 4
4 2
474 3
9171 4
4 4 0
4 4 1
1 4 2
22 4 3
86439
4964 0
1 0 1
25 0 3
13 0 4
2776 1
1 1 2
4 1 3
12 1 4
2 2
476 3
4 3 4
6318 4
1 4 0
1 4 2
34 4 3
86667
5376 0
2 0 1
7 0 3
21 0 4
55 1
1 1 4
3 2
252 3
2 3 0
8154 4
5 4 0
2 4 1
1 4 2
71 4 3
86414
5062 0
1 0 2
19 0 3
1 0 3 4
33 0 4
59 1
4 2
828 3
6 3 0
2 3 4
7819 4
1 4 0
4 4 1
55 4 2
29 4 3
87324
12156 0
9 0 1
3 0 2
15 0 3
41 0 4
287 1
1 1 4
3 2
152 3
756 4
86132
8 0
1422 1
1 1 2
12 1 3
8 1 4
10 2
362 3
4 3 4
12599 4
49 4 0
7 4 1
2 4 2
51 4 3
85374
13757 0
15 0 1
3 0 2
48 0 3
33 0 4
587 1
1 1 4
3 2
102 3
1239 4
4 4 3
85426
1231 0
5 0 3
3 0 4
12831 1
9 1 0
3 1 2
146 1 3
2 1 3 4
56 1 4
3 2
230 3
740 4
87128
747 0
1 0 2
4 0 3
3 0 4
279 1
2 1 2
3 2
797 3
2 3 4
11597 4
5 4 0
18 4 1
37 4 2
82 4 3
85849
10936 0
3 0 1
3 0 2
54 0 3
27 0 4
1 1
450 3
1 3 4
3225 4
2 4 1
2 4 3
86747
186 0
1 0 3
145 1
1 1 3
562 3
12035 4
29 4 0
7 4 1
6 4 2
313 4 3
2 4 3 2
86340
4989 0
1 0 2
12 0 3
19 0 4
3 1
2 2
296 3
9100 4
6 4 2
14 4 3
86952
2921 0
1 0 1
3 0 2
21 0 3
12 0 4
5066 1
1 1 0
2 1 2
34 1 3
9 1 4
1 2
1338 3
9 3 4
3949 4
1 4 1
10 4 3
86789
7804 0
1 0 1
2 0 2
31 0 3
45 0 4
20 1
3 2
2033 3
10 3 4
3930 4
1 4 1
2 4 2
16 4 3
85679
547 0
1 0 3
4 0 4
13574 1
6 1 0
3 1 2
34 1 3
43 1 4
6 2
142 3
503 4
1 4 3
86353
3 0
166 1
1 1 3
1 1 4
127 3
13644 4
10 4 0
190 4 1
5 4 2
132 4 3
86162
12301 0
3 0 1
3 0 2
20 0 3
62 0 4
164 1
4 2
277 3
1378 4
85910
10278 0
3 0 2
24 0 3
24 0 4
4 1
2 2
278 3
2 3 4
4245 4
5 4 0
5 4 2
26 4 3
86644
6883 0
3 0 1
8 0 3
50 0 4
827 1
1 1 0
4 1 3
1 1 4
1 2
2619 3
30 3 0
2 3 1
11 3 4
3647 4
1 4 1
2 4 2
22 4 3
87108
11175 0
1 0 1
1 0 2
18 0 3
87 0 4
1 0 4 3
2360 1
11 1 3
1 2
275 3
1464 4
14 4 3
86616
1230 0
1 0 4
10644 1
2 1 0
4 1 2
24 1 3
71 1 4
4 2
764 3
1 3 4
1096 4
1 4 2
2 4 3
86438
46 0
1 0 4
4283 1
28 1 0
2 1 0 4
22 1 3
17 1 4
2 2
1472 3
3 3 4
8378 4
4 4 0
38 4 1
174 4 3
85853
1612 0
3 0 2
4 0 4
12420 1
1 1 0
5 1 2
30 1 3
50 1 4
178 3
1 3 0
1271 4
87039
2734 0
7 0 3
4 0 4
1774 1
1 1 2
5 1 3
2 1 4
3 2
837 3
4 3 4
9296 4
3 4 0
3 4 1
4 4 2
33 4 3
86325
11735 0
2 0 2
63 0 3
29 0 4
10 1
5 2
146 3
2082 4
4 4 0
11 4 3
87039
1072 0
1 0 1
5 0 3
6 0 4
518 1
7 1 3
3 1 4
4 2
1529 3
19 3 1
1 3 2
2 3 4
10593 4
16 4 0
296 4 1
2 4 1 3
3 4 2
41 4 3
86021
13020 0
9 0 1
37 0 3
1 0 3 1
64 0 4
410 1
2 2
236 3
1106 4
5 4 3
85608
15331 0
2 0 2
2 0 2 4
55 0 3
47 0 4
80 1
2 2
101 3
265 4
87104
1104 0
3 0 1
6 0 3
5 0 4
817 1
6 1 3
3 1 4
1 2
966 3
10 3 1
3 3 4
10735 4
9 4 0
26 4 1
2 4 2
142 4 3
87324
8881 0
23 0 3
20 0 4
4 1
4 2
1016 3
2 3 1
1 3 4
3378 4
48 4 0
44 4 3
86981
10457 0
4 0 2
31 0 3
25 0 4
2 1
4 2
114 3
2523 4
1 4 0
6 4 1
4 4 3
86135
38 0
13932 1
2 1 0
2 1 2
55 1 3
72 1 4
3 2
34 3
1 3 2
216 4
1 4 3
86465
10 0
5161 1
7 1 2
17 1 3
15 1 4
6 2
490 3
1 3 0
8785 4
3 4 0
1 4 1
6 4 2
43 4 3
86155
47 0
4235 1
10 1 3
12 1 4
3 2
1000 3
5 3 4
9037 4
7 4 0
56 4 3
86260
12123 0
3 0 2
23 0 3
58 0 4
7 1
1 2
138 3
2062 4
1 4 2
86376
8125 0
1 0 1
11 0 2
2 0 2 4
18 0 3
1 0 3 2
55 0 4
1674 1
2 1 0
4 1 4
2 2
427 3
4 3 4
3795 4
2 4 0
2 4 1
14 4 3
86879
80 0
1 0 3
3328 1
1 1 0
9 1 3
12 1 4
5 2
175 3
1 3 2
10462 4
3 4 0
4 4 1
4 4 2
98 4 3
86685
3152 0
1 0 2
8 0 3
3 0 4
4198 1
18 1 3
5 1 4
6 2
1573 3
1 3 0
5525 4
6 4 0
4 4 1
8 4 3
86070
9462 0
5 0 1
63 0 3
25 0 4
3195 1
1 1 2
11 1 3
19 1 4
3 2
151 3
1194 4
9 4 3
86287
13397 0
4 0 1
14 0 2
25 0 3
48 0 4
233 1
7 1 3
194 3
207 4
85921
6 0
1901 1
7 1 0
1 1 0 2
5 1 2
10 1 3
12 1 4
2 2
1511 3
1 3 0
1 3 1
1 3 2
1 3 4
10958 4
13 4 0
2 4 1
6 4 2
48 4 3
86468
17 0
1 1
1 2
429 3
2 3 4
13081 4
200 4 0
1 4 0 3
78 4 1
208 4 3
86799
10756 0
4 0 1
10 0 2
18 0 3
21 0 4
295 1
1 1 3
1 2
867 3
2 3 0
9 3 4
1896 4
6 4 3
86073
7730 0
1 0 1
35 0 2
18 0 3
20 0 4
292 1
2 2
9 2 3
211 3
6308 4
2 4 0
2 4 1
4 4 3
86376
8610 0
6 0 1
2 0 2
79 0 3
1 0 3 4
30 0 4
2546 1
5 1 3
1 2
1481 3
1 3 0
3 3 1
1 3 4
1690 4
1 4 0
1 4 1
2 4 3
85988
2508 0
1 0 1
4 0 3
2 0 4
6506 1
2 1 0
4 1 2
21 1 3
35 1 4
6 2
221 3
5273 4
26 4 3
86290
8146 0
1 0 1
1 0 2
17 0 3
36 0 4
96 1
770 3
3 3 4
4782 4
1 4 2
18 4 3
85571
10721 0
2 0 1
56 0 3
81 0 4
1026 1
34 1 0
1 1 2
9 1 3
2 2
306 3
2592 4
10 4 3
85822
8 0
10 1
3 2
359 3
2 3 0
13620 4
97 4 0
5 4 1
2 4 2
343 4 3
1 4 3 1
85504
1007 0
1 0 2
2 0 3
2 0 4
12790 1
5 1 0
7 1 2
15 1 3
58 1 4
1 1 4 3
3 2
362 3
1261 4
5 4 1
1 4 3
86990
2825 0
1 0 1
3 0 2
4 0 3
8 0 4
846 1
1 1 0
7 1 3
3 2
1704 3
3 3 0
67 3 4
8390 4
15 4 0
3 4 1
2 4 2
50 4 3
86128
11 0
1710 1
1 1 2
8 1 3
10 1 4
4 2
223 3
12124 4
7 4 0
9 4 1
9 4 2
33 4 3
86816
8860 0
6 0 2
8 0 3
34 0 4
1 1
3 2
403 3
4 3 4
4891 4
16 4 3
85986
12242 0
11 0 2
27 0 3
35 0 4
62 1
3 2
483 3
5 3 4
1939 4
3 4 3
87151
119 0
3093 1
20 1 3
1 1 3 0
23 1 4
2 2
712 3
9808 4
11 4 0
5 4 1
2 4 2
50 4 3
85761
14449 0
7 0 1
4 0 2
35 0 3
39 0 4
8 1
1 2
91 3
147 4
2 4 2
86163
500 0
1 0 2
2 0 3
1 0 4
2396 1
1 1 2
10 1 3
11 1 4
2 2
195 3
11186 4
1 4 0
1 4 1
3 4 2
49 4 3
86345
6796 0
2 0 1
1 0 2
26 0 3
42 0 4
7 1
1 2
710 3
3 3 4
6589 4
1 4 0
6 4 1
2 4 2
16 4 3
87005
25 0
4758 1
3 1 0
16 1 3
14 1 4
2 2
1646 3
6 3 1
8 3 4
7179 4
1 4 1
5 4 2
6 4 3
86266
1235 0
1 0 2
5 0 4
5180 1
4 1 2
23 1 3
13 1 4
2 2
540 3
6 3 4
7490 4
1 4 0
10 4 1
2 4 2
19 4 3
86838
3156 0
5 0 1
8 0 3
11 0 4
4292 1
3 1 2
6 1 3
18 1 4
5 2
241 3
1 3 4
7057 4
1 4 0
48 4 3
87733
5388 0
2 0 1
20 0 3
9 0 4
6936 1
4 1 0
1 1 2
12 1 3
15 1 4
1 2
102 3
457 4
86641
5774 0
3 0 1
10 0 2
17 0 3
18 0 4
1848 1
2 1 3
4 1 4
6 2
1063 3
5543 4
4 4 1
53 4 3
86037
6 0
6845 1
1 1 0
15 1 2
17 1 3
29 1 4
4 2
95 3
7511 4
7 4 0
3 4 1
4 4 2
13 4 3
86436
3324 0
1 0 1
3 0 2
6 0 3
9 0 4
100 1
2 2
578 3
9858 4
22 4 0
13 4 1
1 4 2
45 4 3
86872
5678 0
3 0 2
4 0 3
1 0 3 4
34 0 4
4130 1
2 1 2
12 1 3
15 1 4
1 2
409 3
12 3 4
3620 4
1 4 0
21 4 3
85884
11621 0
1 0 1
1 0 2
31 0 3
35 0 4
3 1
3 2
298 3
4 3 4
2679 4
4 4 0
12 4 3
86689
32 0
10907 1
2 1 0
3 1 2
40 1 3
58 1 4
2 2
718 3
2454 4
1 4 0
4 4 1
2 4 2
1 4 3
85899
272 0
1 0 3
8016 1
14 1 0
1 1 2
23 1 3
26 1 4
6 2
548 3
1 3 4
5989 4
32 4 1
22 4 3
85758
2 0
13280 1
4 1 0
3 1 2
26 1 3
34 1 4
169 3
1688 4
2 4 0
7 4 3
87214
9602 0
4 0 1
1 0 2
16 0 3
21 0 4
3 1
3 2
396 3
1 3 1
6 3 4
3155 4
10 4 3
86979
2857 0
1 0 1
24 0 2
10 0 3
2835 0 4
1 0 4 1
9 0 4 3
19 1
3 2
308 3
7963 4
1 4 0
2 4 1
8 4 2
70 4 3
86799
4478 0
15 0 3
11 0 4
7357 1
10 1 0
2 1 2
32 1 3
41 1 4
5 2
257 3
3 3 4
1590 4
4 4 3
87775
12 0
11538 1
1 1 0
4 1 2
49 1 3
33 1 4
1 1 4 3
2 2
163 3
2 3 4
596 4
1 4 3
86147
215 0
1 0 3
1884 1
1 1 2
6 1 3
6 1 4
4 2
1052 3
12 3 4
11124 4
31 4 0
8 4 1
3 4 2
90 4 3
86178
734 0
8045 1
1 1 2
11 1 3
22 1 4
9 2
187 3
5801 4
4 4 0
12 4 3
86537
8072 0
1 0 1
8 0 2
27 0 3
29 0 4
1 0 4 3
680 1
5 1 3
4 1 4
4 2
321 3
3 3 4
5324 4
7 4 0
13 4 2
46 4 3
87747
5691 0
2 0 2
8 0 3
15 0 4
1504 1
2 1 2
3 1 3
5 1 4
3 2
907 3
2 3 4
5111 4
7 4 0
3 4 1
1 4 2
15 4 3
84898
14599 0
5 0 1
2 0 2
31 0 3
50 0 4
2 1
48 3
615 4
1 4 3
85996
11079 0
2 0 1
3 0 2
20 0 3
39 0 4
66 1
2 2
348 3
1 3 0
2 3 4
3711 4
2 4 1
22 4 3
86011
39 0
10719 1
1 1 2
17 1 3
38 1 4
1 1 4 0
3 2
379 3
2 3 4
3071 4
4 4 0
4 4 2
18 4 3
85512
28 0
15331 1
3 1 0
18 1 3
47 1 4
4 2
77 3
350 4
85325
12682 0
4 0 2
34 0 3
80 0 4
291 1
2 2
167 3
2 3 0
1 3 4
1825 4
122 4 3
86870
268 0
3 0 4
598 1
10 1 3
3 1 4
1 2
1664 3
1 3 0
1 3 1
4 3 2
17 3 4
11177 4
9 4 0
4 4 1
1 4 2
303 4 3
1 4 3 0
86413
56 0
1 0 3
11018 1
4 1 0
1 1 2
12 1 3
29 1 4
1 2
378 3
2 3 4
2895 4
1 4 1
86366
6592 0
11 0 1
1 0 2
12 0 3
544 0 4
2 0 4 3
96 1
4 2
367 3
6455 4
29 4 3
86803
70 0
3941 1
7 1 2
6 1 3
23 1 4
1 1 4 3
3 2
433 3
9321 4
95 4 0
1 4 0 3
1 4 1
73 4 3
86268
177 0
1 0 3
1 0 4
4569 1
4 1 2
27 1 3
15 1 4
4 2
728 3
5 3 4
9005 4
1 4 0
3 4 1
2 4 2
22 4 3
87364
1479 0
2 0 1
7 0 3
5 0 4
57 1
5 2
370 3
1 3 2
11343 4
18 4 0
4 4 1
6 4 2
197 4 3
86397
827 0
1 0 1
3 0 2
2 0 3
6 0 4
128 1
3 2
1303 3
4 3 1
10 3 4
11297 4
11 4 0
3 4 1
3 4 2
88 4 3
86526
302 0
1 0 4
12409 1
13 1 0
6 1 2
1 1 2 4
33 1 3
28 1 4
1 2
85 3
1049 4
1 4 0
9 4 2
1 4 3
86633
25 0
7621 1
1 1 0
2 1 2
37 1 3
22 1 4
3 2
164 3
6229 4
5 4 0
18 4 1
2 4 2
15 4 3
86534
1445 0
3 0 2
5 0 3
8 0 4
536 1
5 1 4
3 2
413 3
11362 4
3 4 0
2 4 1
1 4 2
165 4 3
86001
1233 0
2 0 3
3 0 4
318 1
2 1 3
3 2
313 3
16 3 0
3 3 4
12512 4
2 4 0
1 4 1
3 4 2
261 4 3
85464
3 0
13758 1
2 1 0
1 1 2
24 1 3
28 1 4
5 2
258 3
1236 4
4 4 3
86588
1036 0
1 0 2
1 0 3
3 0 4
1786 1
3 1 0
4 1 3
11 1 4
4 2
728 3
1 3 2
2 3 4
9873 4
7 4 0
3 4 1
2 4 2
115 4 3
86256
5895 0
5 0 1
2 0 2
12 0 3
33 0 4
20 1
2 2
813 3
8092 4
6 4 0
1 4 1
20 4 3
