132
95551 0
101 0 1
97 0 2
1 0 2 3
1304 0 3
2 0 3 1
9 0 3 4
1798 0 4
7 0 4 3
828 1
1 1 0
10 1 3
1 1 4
33 3
387 4
7 4 3
149
96285 0
69 0 1
674 0 2
29 0 2 1
1 0 2 1 3
4 0 2 1 4
9 0 2 3
6 0 2 4
880 0 3
1 0 3 1
12 0 3 4
2532 0 4
3 0 4 1
1 0 4 2
53 0 4 3
15 3
257 4
1 4 1
2 4 3
135
56529 0
56 0 1
1 0 1 4
227 0 2
5 0 2 3
60 0 2 4
1036 0 3
4 0 3 1
1 0 3 2
13 0 3 4
612 0 4
3 0 4 3
39820 1
46 1 0
329 1 2
1 1 2 3
2 1 2 4
216 1 3
1 1 3 4
465 1 4
3 1 4 3
116 3
427 4
1172 4 0
1 4 0 2
4 4 0 3
4 4 3
118
1 0
90335 1
171 1 0
4 1 0 4
7 1 0 4 3
2633 1 2
4 1 2 0
16 1 2 3
1 1 2 3 4
67 1 2 4
2366 1 3
1 1 3 0
56 1 3 2
23 1 3 2 4
9 1 3 4
1942 1 4
9 1 4 0
1 1 4 2
9 1 4 3
33 3
2640 4
2 4 0
3 4 1
2 4 2
29 4 3
122
64443 0
42 0 1
776 0 2
3 0 2 1
2 0 2 3
7 0 2 4
963 0 3
1 0 3 1
2 0 3 4
680 0 4
2 0 4 2
4 0 4 3
30039 1
29 1 0
38 1 2
946 1 3
6 1 3 4
656 1 4
2 1 4 3
27 3
1471 4
197 4 1
24 4 3
132
94158 0
64 0 1
1 0 1 4
171 0 2
3 0 2 4
1131 0 3
2 0 3 2
40 0 3 4
1205 0 4
3 0 4 2
12 0 4 3
1 0 4 3 1
22 1
12 3
2 3 0
3398 4
5 4 0
50 4 1
2 4 2
388 4 3
151
94088 0
69 0 1
339 0 2
3 0 2 3
1337 0 3
6 0 3 2
1 0 3 4
1781 0 4
15 0 4 3
10 1
69 3
1 3 4
2145 4
1 4 0
5 4 1
5 4 2
19 4 3
135
94269 0
1020 0 1
5 0 1 3
15 0 1 4
256 0 2
5 0 2 1
1 0 2 3
1 0 2 4
1947 0 3
7 0 3 4
2371 0 4
26 0 4 3
513 1
2 1 3
5 1 4
12 3
132 4
114
83841 1
455 1 0
2 1 0 4
349 1 2
1 1 2 4
1590 1 3
5 1 3 4
1581 1 4
2 1 4 0
7 1 4 3
31 3
2 3 4
4924 4
6882 4 0
12 4 0 1
12 4 0 2
42 4 0 3
227 4 1
3 4 2
426 4 3
170
97000 0
244 0 1
3 0 1 4
558 0 2
7 0 2 3
10 0 2 4
1081 0 3
4 0 3 4
1191 0 4
2 0 4 1
5 0 4 3
249 1
8 3
135 4
1 4 3
152
237 0
2 0 4
92584 1
164 1 0
398 1 2
3 1 2 3
3 1 2 4
2531 1 3
1 1 3 0
3 1 3 2
10 1 3 4
4089 1 4
1 1 4 0
2 1 4 2
23 1 4 3
18 3
114 4
1 4 0
84
82013 0
43 0 1
4492 0 2
5 0 2 1
125 0 2 3
1 0 2 3 4
46 0 2 4
1009 0 3
3 0 3 4
1939 0 4
10 0 4 3
3933 1
6 1 0
28 1 3
39 1 4
88 3
5075 4
32 4 0
376 4 1
1 4 1 3
23 4 2
1 4 2 3
1161 4 3
1 4 3 0
170
95032 0
87 0 1
108 0 2
2100 0 3
1 0 3 1
1 0 3 2
179 0 3 4
1765 0 4
2 0 4 1
9 0 4 2
4 0 4 3
22 3
582 4
1 4 1
1 4 3
100
7747 0
5 0 1
1 0 1 4
3 0 2
67 0 3
31 0 4
1 0 4 1
1 0 4 3
46230 1
58 1 0
126 1 2
1 1 2 3
1371 1 3
9 1 3 2
7 1 3 4
1409 1 4
3 1 4 2
6 1 4 3
49 3
5824 4
4900 4 0
13 4 0 1
13 4 0 2
26 4 0 3
87 4 1
1 4 1 3
3 4 2
32118 4 3
85 4 3 0
30 4 3 1
21 4 3 2
136
95214 0
131 0 1
269 0 2
1 0 2 4
1043 0 3
5 0 3 4
1304 0 4
1 0 4 1
7 0 4 2
5 0 4 3
23 3
2175 4
1 4 1
2 4 2
63 4 3
119
37556 0
51 0 1
56 0 2
1 0 2 4
639 0 3
6 0 3 2
2 0 3 4
760 0 4
23 0 4 3
57968 1
20 1 0
68 1 2
1 1 2 3
939 1 3
1 1 3 0
1 1 3 4
1479 1 4
3 1 4 3
100 3
2 3 4
529 4
1 4 0
2 4 3
129
95796 0
79 0 1
134 0 2
1 0 2 3
3 0 2 4
898 0 3
5 0 3 4
2367 0 4
2 0 4 1
9 0 4 3
1 1
184 3
25 3 4
862 4
1 4 2
6 4 3
125
896 0
6 0 2
3 0 3
450 0 4
2 0 4 2
3 0 4 3
92257 1
266 1 0
1 1 0 3
7 1 0 4
332 1 2
3 1 2 3
1 1 2 4
4050 1 3
2 1 3 0
9 1 3 2
33 1 3 4
2045 1 4
2 1 4 0
1 1 4 2
12 1 4 3
9 3
67 4
83
3940 1
1 1 0
48 1 3
23 1 4
13 3
7309 4
334 4 0
2 4 0 1
2 4 0 3
85842 4 1
140 4 1 0
101 4 1 2
563 4 1 3
3 4 2
2819 4 3
7 4 3 2
166
97692 0
58 0 1
97 0 2
1 0 2 4
1081 0 3
3 0 3 2
4 0 3 4
1581 0 4
13 0 4 3
14 1
14 3
183 4
2 4 1
1 4 3
145
96812 0
130 0 1
187 0 2
3 0 2 3
6 0 2 4
1091 0 3
1 0 3 1
2 0 3 2
11 0 3 4
1546 0 4
1 0 4 1
56 0 4 3
1 1
23 3
856 4
1 4 0
1 4 2
17 4 3
121
93233 0
112 0 1
64 0 2
1 0 2 4
1369 0 3
2 0 3 2
3 0 3 4
2389 0 4
2 0 4 1
3 0 4 2
14 0 4 3
2605 1
2 1 0
19 1 3
10 1 4
206 3
15 3 0
15 3 4
877 4
1 4 0
24 4 3
137
83536 0
2730 0 1
2 0 1 2
7 0 1 3
18 0 1 4
236 0 2
3 0 2 3
937 0 3
5 0 3 4
1702 0 4
2 0 4 1
1 0 4 3
10558 1
4 1 0
9 1 2
62 1 3
328 1 4
12 3
313 4
4 4 3
139
479 0
3 0 4
95592 1
393 1 0
25 1 0 3
1 1 0 3 4
9 1 0 4
85 1 2
1704 1 3
3 1 3 2
9 1 3 4
1775 1 4
1 1 4 0
1 1 4 2
13 1 4 3
66 3
136 4
85
7 0
76195 1
11694 1 0
10 1 0 2
135 1 0 3
1 1 0 3 4
721 1 0 4
8 1 0 4 3
533 1 2
2 1 2 0
5 1 2 3
1 1 2 4
1464 1 3
1 1 3 2
5 1 3 4
1227 1 4
7 1 4 3
138 3
9 3 4
2348 4
8 4 0
56 4 1
5950 4 3
49 4 3 0
2 4 3 1
10 4 3 2
144
2661 0
1 0 2
36 0 3
15 0 4
90935 1
1983 1 0
1 1 0 2
11 1 0 3
940 1 0 4
2 1 0 4 2
5 1 0 4 3
253 1 2
23 1 2 3
2063 1 3
24 1 3 4
1399 1 4
2 1 4 0
1 1 4 2
22 1 4 3
13 3
164 4
123
73006 0
97 0 1
1 0 1 4
185 0 2
2 0 2 3
1238 0 3
2 0 3 1
4 0 3 4
1078 0 4
12 0 4 2
2 0 4 3
21087 1
18 1 0
11 1 2
763 1 3
3 1 3 4
198 1 4
1 1 4 3
68 3
1 3 2
2373 4
2 4 1
86 4 3
164
96967 0
119 0 1
1 0 1 3
177 0 2
2 0 2 4
1122 0 3
3 0 3 4
1483 0 4
1 0 4 2
4 0 4 3
9 3
504 4
2 4 0
7 4 3
84
64017 0
44 0 1
93 0 2
1 0 2 3
7198 0 3
9 0 3 1
15 0 3 2
364 0 3 4
671 0 4
10910 1
35 1 0
3 1 2
89 1 3
158 1 4
161 3
5 3 1
3830 4
8 4 0
12155 4 1
10 4 1 0
26 4 1 2
150 4 1 3
2 4 2
155 4 3
156
93364 0
84 0 1
128 0 2
2026 0 3
3 0 3 1
2 0 3 2
28 0 3 4
1026 0 4
6 0 4 3
2972 1
2 1 2
18 1 3
67 1 4
17 3
2 3 4
299 4
1 4 0
1 4 3
163
96892 0
89 0 1
3 0 1 3
202 0 2
1 0 2 4
1180 0 3
3 0 3 2
5 0 3 4
1832 0 4
7 0 4 1
2 0 4 2
8 0 4 3
10 1
9 3
25 4
97
86430 0
635 0 1
8 0 1 3
13 0 1 4
274 0 2
1268 0 3
2 0 3 1
1 0 3 2
15 0 3 4
891 0 4
1 0 4 2
7 0 4 3
5953 1
1 1 0
10 1 2
99 1 3
71 1 4
104 3
12 3 1
1 3 2
1 3 4
3655 4
4 4 0
36 4 1
623 4 3
121
95637 0
136 0 1
3 0 1 4
216 0 2
4 0 2 3
1 0 2 4
1511 0 3
5 0 3 4
1590 0 4
2 0 4 2
9 0 4 3
83 3
735 4
16 4 0
1 4 2
73 4 3
167
96652 0
154 0 1
4 0 1 4
702 0 2
4 0 2 3
12 0 2 4
934 0 3
2 0 3 4
1322 0 4
4 0 4 3
11 3
622 4
3 4 1
3 4 3
148
2 0
94332 1
184 1 0
3 1 0 3
1 1 0 3 2
3 1 0 4
636 1 2
10 1 2 0
11 1 2 3
2 1 2 4
2211 1 3
2 1 3 0
1 1 3 2
8 1 3 4
3054 1 4
6 1 4 0
11 1 4 2
26 1 4 3
1 3
23 4
118
92679 1
163 1 0
1 1 0 2
173 1 2
1 1 2 3
1 1 2 4
2041 1 3
1 1 3 0
4 1 3 2
9 1 3 4
2114 1 4
4 1 4 3
35 3
2598 4
179 4 0
2 4 0 2
2 4 1
1 4 2
161 4 3
111
19 0
91356 1
55 1 0
1 1 0 3
161 1 2
2434 1 3
1 1 3 0
2 1 3 2
9 1 3 4
3206 1 4
1 1 4 0
2 1 4 2
7 1 4 3
64 3
4 3 4
2582 4
5 4 0
462 4 3
156
97357 0
110 0 1
76 0 2
1 0 2 3
1343 0 3
11 0 3 4
1344 0 4
2 0 4 1
7 0 4 3
8 3
331 4
6 4 3
121
90594 0
120 0 1
1 0 1 4
483 0 2
3 0 2 3
17 0 2 4
1062 0 3
2 0 3 2
2 0 3 4
827 0 4
2 0 4 1
3 0 4 3
6474 1
6 1 0
3 1 2
43 1 3
104 1 4
31 3
3 3 4
783 4
10 4 0
6 4 1
5 4 3
128
1818 0
6 0 1
25 0 3
60 0 4
89057 1
242 1 0
1 1 0 3
1 1 0 4
811 1 2
8 1 2 3
1 1 2 3 0
146 1 2 4
2186 1 3
4 1 3 0
3 1 3 2
12 1 3 4
1792 1 4
9 1 4 0
1 1 4 0 3
9 1 4 3
6 3
3630 4
8 4 0
155 4 1
2 4 1 3
5 4 2
263 4 3
124
64043 0
53 0 1
196 0 2
5 0 2 1
1 0 2 3
1 0 2 4
1695 0 3
28 0 3 4
877 0 4
4 0 4 3
31905 1
21 1 0
18 1 2
1 1 2 4
331 1 3
1 1 3 2
3 1 3 4
271 1 4
1 1 4 3
139 3
1 3 4
1099 4
11 4 1
2 4 2
5 4 3
159
92860 0
110 0 1
1 0 1 3
274 0 2
2 0 2 1
1 0 2 4
1164 0 3
11 0 3 4
1471 0 4
1 0 4 2
10 0 4 3
4265 1
1 1 0
1 1 2
31 1 3
52 1 4
1 1 4 3
17 3
180 4
2 4 3
157
96997 0
331 0 1
1 0 1 4
894 0 2
1 0 2 1
6 0 2 3
29 0 2 4
1044 0 3
4 0 3 4
1153 0 4
2 0 4 3
21 1
1 1 3
17 3
26 4
1 4 3
98
1 0
89764 1
436 1 0
2 1 0 2
2 1 0 3
10 1 0 4
177 1 2
3962 1 3
1 1 3 0
2 1 3 2
27 1 3 4
1588 1 4
4 1 4 3
103 3
1 3 2
3873 4
122 4 0
2 4 1
3 4 2
303 4 3
62
2 0
1 1
27 3
6984 4
50150 4 0
50 4 0 1
188 4 0 2
955 4 0 3
1 4 0 3 1
32398 4 1
8 4 1 0
42 4 1 2
179 4 1 3
1 4 2
9065 4 3
8 4 3 0
22 4 3 1
11 4 3 2
139
95873 0
85 0 1
61 0 1 2
306 0 2
83 0 2 3
2 0 2 4
833 0 3
4 0 3 4
2149 0 4
3 0 4 1
5 0 4 2
106 0 4 3
335 1
2 1 3
1 1 4
70 3
1 3 4
375 4
3 4 3
136
92585 0
73 0 1
4 0 1 4
785 0 2
6 0 2 3
10 0 2 4
1899 0 3
3 0 3 1
19 0 3 4
1524 0 4
1 0 4 2
6 0 4 3
2051 1
7 1 2
10 1 3
10 1 4
2 2 3
13 3
1445 4
16 4 0
69 4 3
122
91839 0
400 0 1
10 0 1 3
175 0 2
11 0 2 4
1417 0 3
1 0 3 2
10 0 3 4
2332 0 4
3 0 4 1
3 0 4 2
16 0 4 3
3686 1
1 1 2
21 1 3
32 1 4
123 3
3 3 1
282 4
1 4 0
150
2797 0
3 0 2
134 0 3
2 0 3 4
36 0 4
92449 1
144 1 0
1 1 0 3
152 1 2
1707 1 3
1 1 3 0
1 1 3 2
11 1 3 4
2122 1 4
4 1 4 0
1 1 4 2
20 1 4 3
7 3
875 4
1 4 2
3 4 3
131
96564 0
93 0 1
1 0 1 4
157 0 2
1 0 2 3
4 0 2 4
943 0 3
1 0 3 1
6 0 3 4
1262 0 4
5 0 4 3
7 1
44 3
1079 4
18 4 3
153
95212 0
116 0 1
1 0 1 2
1 0 1 4
44 0 2
2857 0 3
2 0 3 1
4 0 3 2
43 0 3 4
1279 0 4
4 0 4 3
264 1
42 1 0
2 1 0 3
3 1 2
2 1 3
14 3
472 4
6 4 3
83
22 3
6455 4
59531 4 0
209 4 0 1
1 4 0 1 3
52 4 0 2
451 4 0 3
1 4 0 3 2
34 4 1
6 4 2
33644 4 3
54 4 3 0
9 4 3 1
28 4 3 2
145
15215 0
10 0 1
73 0 2
1 0 2 3
221 0 3
6 0 3 4
223 0 4
1 0 4 2
2 0 4 3
80700 1
120 1 0
1 1 0 3
2 1 0 4
345 1 2
3 1 2 4
928 1 3
2 1 3 2
7 1 3 4
2318 1 4
1 1 4 2
6 1 4 3
29 3
121 4
115
81670 0
127 0 1
804 0 2
10 0 2 3
6 0 2 4
919 0 3
5 0 3 4
1164 0 4
1 0 4 1
1 0 4 2
5 0 4 3
11964 1
16 1 0
13 1 2
353 1 3
1 1 3 0
3 1 3 4
80 1 4
171 3
4 3 0
194 3 4
2125 4
405 4 0
21 4 1
1 4 1 3
4 4 2
147 4 3
1 4 3 1
103
6 0
91488 1
83 1 0
213 1 2
1 1 2 3
2305 1 3
3 1 3 0
4 1 3 2
11 1 3 4
1406 1 4
4 1 4 0
1 1 4 2
6 1 4 3
16 3
4159 4
202 4 0
5 4 1
1 4 2
95 4 3
129
95547 0
83 0 1
1 0 1 3
147 0 2
2 0 2 3
3 0 2 4
1163 0 3
10 0 3 4
2261 0 4
3 0 4 1
2 0 4 2
20 0 4 3
1 1
42 3
1070 4
20 4 3
115
96124 0
98 0 1
1 0 1 3
1 0 1 4
95 0 2
1 0 2 3
1076 0 3
2 0 3 1
7 0 3 4
2219 0 4
14 0 4 3
53 1
74 1 3
36 3
1 3 4
351 4
3 4 3
97
17 0
91645 1
250 1 0
3 1 0 3
140 1 2
2 1 2 4
2254 1 3
12 1 3 0
1 1 3 2
8 1 3 4
2407 1 4
2 1 4 0
1 1 4 2
19 1 4 3
80 3
3102 4
39 4 0
14 4 1
1 4 2
188 4 3
183
97099 0
96 0 1
226 0 2
1 0 2 1
12 0 2 3
1 0 2 3 4
4 0 2 4
1199 0 3
8 0 3 4
1267 0 4
3 0 4 3
4 3
8 4
113
292 0
2 0 3
91040 1
107 1 0
3 1 0 4
1139 1 2
49 1 2 0
1 1 2 0 4
8 1 2 3
133 1 2 4
3 1 2 4 3
1617 1 3
1 1 3 2
14 1 3 4
2417 1 4
6 1 4 0
26 1 4 2
11 1 4 3
12 3
2989 4
2 4 1
59 4 3
126
95938 0
154 0 1
500 0 2
1 0 2 1
9 0 2 3
4 0 2 4
1056 0 3
1 0 3 2
1 0 3 4
1466 0 4
1 0 4 1
7 0 4 3
65 3
1181 4
3 4 1
11 4 3
95
1 0
94006 1
129 1 0
1 1 0 3
1 1 0 4
89 1 2
1 1 2 3
2042 1 3
1 1 3 0
1 1 3 2
6 1 3 4
2442 1 4
3 1 4 2
12 1 4 3
161 3
25 3 1
5 3 4
1506 4
1 4 1
4 4 2
15 4 3
110
3863 0
2 0 2
48 0 3
1 0 3 4
126 0 4
90247 1
271 1 0
7 1 0 3
4 1 0 4
72 1 2
4 1 2 3
1377 1 3
3 1 3 2
10 1 3 4
2803 1 4
2 1 4 0
6 1 4 2
14 1 4 3
44 3
2 3 4
1417 4
2 4 0
12 4 1
12 4 3
112
67684 0
70 0 1
345 0 2
1 0 2 3
1228 0 3
1 0 3 2
4 0 3 4
1348 0 4
1 0 4 1
3 0 4 2
3 0 4 3
26460 1
104 1 0
3 1 0 3
18 1 2
466 1 3
905 1 4
7 1 4 3
19 3
1 3 4
1494 4
1 4 1
22 4 3
175
64397 0
91 0 1
66 0 2
2 0 2 3
971 0 3
7 0 3 4
584 0 4
7 0 4 3
31871 1
17 1 0
36 1 2
1261 1 3
18 1 3 4
635 1 4
9 3
100 4
1 4 1
103
80474 0
76 0 1
674 0 2
15 0 2 3
5 0 2 4
1034 0 3
5 0 3 4
1120 0 4
3 0 4 2
18 0 4 3
15394 1
140 1 0
1 1 0 4 3
5 1 2
122 1 3
1 1 3 4
221 1 4
68 3
955 4
1 4 0
1 4 1
13 4 3
138
1 0
93631 1
1221 1 0
1 1 0 2
10 1 0 3
99 1 0 4
2 1 0 4 2
162 1 2
3 1 2 3
1970 1 3
9 1 3 0
1 1 3 2
15 1 3 4
1713 1 4
1 1 4 0
7 1 4 3
3 3
1729 4
1 4 0
2 4 2
23 4 3
122
92857 0
74 0 1
86 0 2
1 0 2 3
2 0 2 4
1048 0 3
2 0 3 1
1 0 3 2
7 0 3 4
3744 0 4
37 0 4 1
2 0 4 2
28 0 4 3
238 1
2 1 0
3 1 3
1 1 4
42 3
1990 4
3 4 0
1 4 1
42 4 3
125
81150 0
74 0 1
1 0 1 3
15 0 1 4
178 0 2
7 0 2 4
1531 0 3
2 0 3 2
24 0 3 4
4761 0 4
39 0 4 1
1 0 4 2
28 0 4 3
11471 1
5 1 0
13 1 2
68 1 3
93 1 4
30 3
5 3 4
666 4
3 4 0
3 4 3
170
95532 0
77 0 1
679 0 2
1 0 2 1
8 0 2 3
17 0 2 4
2799 0 3
1 0 3 1
5 0 3 2
42 0 3 4
1152 0 4
2 0 4 2
6 0 4 3
1 1
25 3
428 4
3 4 3
136
5 0
90689 1
266 1 0
6 1 0 4
243 1 2
2 1 2 4
2278 1 3
3 1 3 0
4 1 3 2
15 1 3 4
6118 1 4
1 1 4 0
7 1 4 2
46 1 4 3
62 3
315 4
1 4 0
2 4 1
1 4 2
117
86 0
88211 1
123 1 0
1 1 0 3
1042 1 2
4 1 2 3
9 1 2 4
7191 1 3
4 1 3 0
11 1 3 2
1 1 3 2 4
47 1 3 4
1961 1 4
78 1 4 0
2 1 4 0 3
2 1 4 2
16 1 4 3
35 3
1680 4
4 4 1
20 4 3
143
92307 1
129 1 0
2 1 0 3
142 1 2
5 1 2 3
1181 1 3
1 1 3 0
5 1 3 4
4748 1 4
31 1 4 0
2132 1 4 2
2 1 4 2 0
31 1 4 2 3
28 1 4 3
9 3
124 4
1 4 3
142
96407 0
156 0 1
2 0 1 3
5 0 1 4
229 0 2
3 0 2 4
819 0 3
5 0 3 4
1503 0 4
7 0 4 3
47 3
1 3 4
857 4
1 4 2
45 4 3
129
1199 0
414 0 2
7 0 2 3
2 0 3
1 0 3 2
95171 0 4
121 0 4 1
211 0 4 2
1 0 4 2 1
1003 0 4 3
1 0 4 3 2
2 1
24 3
2153 4
2 4 0
4 4 1
6 4 2
104 4 3
154
46879 0
27 0 1
44 0 2
1 0 2 1
1 0 2 3
586 0 3
5 0 3 4
473 0 4
2 0 4 1
49937 1
295 1 0
4 1 0 3
2 1 0 4
25 1 2
1 1 2 3
423 1 3
2 1 3 4
1029 1 4
4 1 4 3
18 3
241 4
2 4 3
145
93971 1
136 1 0
1 1 0 3
420 1 2
4 1 2 3
4 1 2 4
3775 1 3
3 1 3 0
24 1 3 4
1752 1 4
1 1 4 2
11 1 4 3
16 3
91 4
107
336 0
1 0 3
1 0 4
90222 1
111 1 0
1 1 0 4
157 1 2
1 1 2 3
1 1 2 4
2929 1 3
2 1 3 0
1 1 3 2
19 1 3 4
1482 1 4
6 1 4 3
115 3
3 3 4
4175 4
389 4 0
2 4 0 3
8 4 1
1 4 2
533 4 3
3 4 3 0
1 4 3 1
145
3443 0
5 0 1
2 0 2
24 0 3
176 0 4
1 0 4 3
89392 1
127 1 0
109 1 2
3 1 2 4
4452 1 3
4 1 3 0
4 1 3 2
27 1 3 4
2183 1 4
3 1 4 0
6 1 4 2
9 1 4 3
6 3
751 4
1 4 0
1 4 2
133
91823 0
67 0 1
4 0 1 4
180 0 2
2555 0 3
1 0 3 1
32 0 3 4
1310 0 4
17 0 4 1
1 0 4 1 3
5 0 4 3
3348 1
4 1 0
1 1 2
18 1 3
2 1 3 4
110 1 4
26 3
782 4
7 4 3
119
50022 0
40 0 1
70 0 2
1 0 2 4
621 0 3
5 0 3 4
560 0 4
25 0 4 3
45631 1
78 1 0
1 1 0 4
79 1 2
1 1 2 3
927 1 3
13 1 3 0
3 1 3 4
767 1 4
1 1 4 0
3 1 4 3
77 3
1 3 4
1469 4
44 4 0
1 4 0 3
1 4 1
1 4 2
7 4 3
164
96293 0
422 0 1
5 0 1 3
257 0 2
3 0 2 3
1 0 2 4
1465 0 3
2 0 3 2
9 0 3 4
1690 0 4
2 0 4 1
12 0 4 3
1 3
64 4
167
96717 0
60 0 1
2 0 1 3
276 0 2
5 0 2 3
1 0 2 4
898 0 3
6 0 3 4
1330 0 4
2 0 4 2
14 0 4 3
5 1
26 3
1 3 4
618 4
10 4 3
124
5 0
93150 1
58 1 0
1 1 0 4
80 1 2
6 1 2 3
3343 1 3
12 1 3 0
15 1 3 2
23 1 3 4
2541 1 4
2 1 4 0
3 1 4 2
15 1 4 3
31 3
766 4
2 4 0
1 4 1
3 4 2
22 4 3
157
2 0
95729 1
302 1 0
2 1 0 3
1 1 0 4
247 1 2
1 1 2 3
5 1 2 4
1963 1 3
1 1 3 2
8 1 3 4
2303 1 4
6 1 4 3
7 3
58 4
146
96860 0
151 0 1
1 0 1 4
176 0 2
4 0 2 3
882 0 3
19 0 3 2
2 0 3 4
2375 0 4
5 0 4 1
23 0 4 3
48 1
8 3
211 4
48 4 3
99
42618 0
65 0 1
615 0 2
2 0 2 3
538 0 3
3 0 3 4
617 0 4
4 0 4 3
34022 1
12 1 0
16 1 2
1270 1 3
1 1 3 0
2 1 3 2
5 1 3 4
957 1 4
9 1 4 0
1 1 4 2
1 1 4 3
146 3
1 3 2
232 3 4
5626 4
2413 4 0
1 4 0 1
9 4 0 3
92 4 1
1 4 2
10915 4 3
12 4 3 0
34 4 3 1
3 4 3 2
159
28 0
94599 1
145 1 0
130 1 2
1 1 2 3
3318 1 3
3 1 3 0
5 1 3 2
17 1 3 4
1427 1 4
4 1 4 2
9 1 4 3
26 3
497 4
1 4 0
1 4 3
143
93261 0
93 0 1
151 0 2
1 0 2 4
1436 0 3
7 0 3 4
4695 0 4
10 0 4 1
24 0 4 2
48 0 4 3
12 1
26 3
1003 4
2 4 0
1 4 1
48 4 3
98
11 0
92004 1
124 1 0
1 1 0 2
2 1 0 4
124 1 2
1 1 2 4
1826 1 3
2 1 3 0
10 1 3 4
1748 1 4
5 1 4 2
9 1 4 3
43 3
13 3 4
3189 4
1179 4 0
21 4 0 3
4 4 1
1 4 2
32 4 3
101
2054 0
30 0 2
1 0 2 3
1 0 2 4
22 0 3
173 0 4
87551 1
151 1 0
1 1 0 3
2 1 0 4
655 1 2
12 1 2 3
14 1 2 4
2 1 2 4 0
3004 1 3
1 1 3 0
5 1 3 2
17 1 3 4
4135 1 4
1 1 4 0
32 1 4 3
52 3
2352 4
6 4 1
9 4 2
72 4 3
86
75252 0
47 0 1
604 0 2
1 0 2 1
2 0 2 3
15 0 2 4
840 0 3
1 0 3 2
1547 0 4
19 0 4 3
116 1
40 3
5621 4
1073 4 0
18 4 0 3
90 4 1
2 4 1 2
10 4 2
14799 4 3
25 4 3 0
2 4 3 1
11 4 3 2
80
87774 0
85 0 1
380 0 2
9 0 2 3
12 0 2 4
771 0 3
1 0 3 4
1647 0 4
8 0 4 3
727 1
1 1 3
6 1 4
129 3
1 3 1
20 3 4
5716 4
9 4 0
7 4 1
3 4 2
2900 4 3
2 4 3 0
1 4 3 1
145
168 0
2 0 1
2 0 3
94566 1
259 1 0
5 1 0 3
3 1 0 4
138 1 2
1 1 2 4
2987 1 3
2 1 3 0
1 1 3 2
20 1 3 4
1644 1 4
12 1 4 3
4 3
243 4
2 4 2
4 4 3
131
3 0
89142 1
118 1 0
1 1 0 3
204 1 2
1451 1 3
2 1 3 4
7377 1 4
653 1 4 0
1 1 4 0 2
3 1 4 0 3
7 1 4 2
59 1 4 3
12 3
1429 4
1 4 0
56 4 1
10 4 3
114
92620 0
97 0 1
121 0 2
1535 0 3
2 0 3 1
2 0 3 2
20 0 3 4
800 0 4
9 0 4 3
396 1
1 1 0
7 1 4
26 3
4384 4
1 4 0
4 4 1
2 4 2
180 4 3
85
80323 0
67 0 1
105 0 2
2 0 2 3
1233 0 3
1 0 3 2
3 0 3 4
1031 0 4
17 0 4 3
3712 1
3 1 0
10 1 2
19 1 3
13 1 4
27 3
29 3 0
4982 4
1 4 1
2 4 2
8678 4 3
44 4 3 0
5 4 3 1
1 4 3 2
128
95683 1
281 1 0
2 1 0 3
8 1 0 4
470 1 2
5 1 2 3
11 1 2 4
1797 1 3
4 1 3 0
7 1 3 4
2033 1 4
26 1 4 0
1 1 4 2
9 1 4 3
10 3
137 4
1 4 1
109
17311 0
11 0 1
9 0 2
310 0 3
8 0 3 4
188 0 4
2 0 4 3
73016 1
99 1 0
1 1 0 3
1 1 0 4
316 1 2
2 1 2 4
2418 1 3
1 1 3 0
2 1 3 2
19 1 3 4
1637 1 4
6 1 4 3
55 3
4340 4
37 4 0
5 4 1
1 4 2
645 4 3
129
95337 0
89 0 1
127 0 2
1 0 2 3
957 0 3
4 0 3 2
2 0 3 4
2697 0 4
18 0 4 3
56 3
1535 4
23 4 0
2 4 1
2 4 2
19 4 3
