5180 0
2 0 1
1 0 1 3
3402 0 2
3 0 2 1
33 0 2 3
101 0 2 4
83123 0 3
53 0 3 1
4775 0 3 2
221 0 3 2 4
3094 0 3 4
7 0 3 4 1
702 0 4
1 0 4 2
9 0 4 3
1 1
5223 0
10 0 1
27740 0 2
15461 0 2 1
206 0 2 1 3
2802 0 2 1 4
15 0 2 1 4 3
5013 0 2 3
5 0 2 3 1
18 0 2 3 4
17498 0 2 4
108 0 2 4 1
1 0 2 4 1 3
224 0 2 4 3
22718 0 3
14 0 3 1
10 0 3 2
2466 0 3 4
1 0 3 4 2
947 0 4
2 0 4 2
116 0 4 3
5236 0
11 0 1
23092 0 2
12 0 2 1
859 0 2 3
6 0 2 3 4
53452 0 2 4
22 0 2 4 1
434 0 2 4 3
15829 0 3
8 0 3 1
78 0 3 2
499 0 3 4
3 0 3 4 2
536 0 4
5 0 4 3
59 1
1 1 2
2 1 3
1 4 0
815 1
36 1 0
2 1 0 3
1 1 0 4
856 1 2
2 1 2 0
36 1 2 3
533 1 2 3 4
546 1 2 4
1 1 2 4 0
35 1 2 4 3
90704 1 3
52 1 3 0
2 1 3 0 4
361 1 3 2
3499 1 3 2 4
2406 1 3 4
7 1 3 4 2
436 1 4
8 1 4 0
40 1 4 3
5204 0
8 0 1
1 0 1 4
49693 0 2
20396 0 2 1
182 0 2 1 3
1 0 2 1 3 4
166 0 2 1 4
6 0 2 1 4 3
1476 0 2 3
7 0 2 3 4
2444 0 2 4
47 0 2 4 3
12135 0 3
1 0 3 1
3 0 3 2
454 0 3 4
423 0 4
38 0 4 1
2 0 4 2
26 0 4 3
66 1
1 1 0
1 1 2
7569 1 3
2 1 3 0
107 1 3 4
2 1 4
5823 0
21 0 1
1 0 1 2
122 0 1 4
17843 0 2
429 0 2 1
2 0 2 1 3
1 0 2 1 4
3238 0 2 3
19 0 2 3 4
1220 0 2 4
61925 0 3
32 0 3 1
1110 0 3 2
6 0 3 2 1
1 0 3 2 4
5149 0 3 4
1 0 3 4 1
1 0 3 4 2
1012 0 4
43 0 4 1
1881 0 4 2
97 0 4 2 3
1 0 4 2 3 1
880 0 4 3
5779 0
12 0 1
52422 0 2
589 0 2 1
1 0 2 1 3
4 0 2 1 4
16416 0 2 3
15 0 2 3 1
190 0 2 3 4
2237 0 2 4
231 0 2 4 3
20515 0 3
13 0 3 1
21 0 3 2
481 0 3 4
1 0 3 4 1
1146 0 4
1 0 4 1
599 0 4 3
5 0 4 3 2
5362 0
94 0 1
3 0 1 3
4 0 1 4
20128 0 2
23341 0 2 1
293 0 2 1 3
2 0 2 1 3 4
187 0 2 1 4
1422 0 2 3
6 0 2 3 4
871 0 2 4
3 0 2 4 3
45989 0 3
34 0 3 1
166 0 3 2
1592 0 3 4
1 0 3 4 2
628 0 4
41 0 4 3
1 1
600 1
170 1 0
23812 1 0 2
277 1 0 2 3
673 1 0 2 4
3 1 0 3
2 1 0 4
24 1 2
45781 1 3
24 1 3 0
44 1 3 2
473 1 3 4
123 1 4
1 1 4 3
12164 4 0
224 4 0 1
10765 4 0 2
90 4 0 2 3
5111 4 0 3
30 4 0 3 1
7 4 0 3 2
5491 0
4 0 1
67689 0 2
547 0 2 1
6 0 2 1 4
1807 0 2 3
6 0 2 3 4
18125 0 2 4
10 0 2 4 1
160 0 2 4 3
5372 0 3
2 0 3 1
4 0 3 2
122 0 3 4
776 0 4
1 0 4 1
1 0 4 2
71 0 4 3
1 0
1081 1
3 1 0
195 1 2
5 1 2 3
3 1 2 4
96562 1 3
75 1 3 0
57 1 3 2
1401 1 3 4
2 1 3 4 0
1092 1 4
24 1 4 0
2 1 4 2
300 1 4 3
2142 0
3 0 1
79746 0 2
2459 0 2 1
12 0 2 1 3
12 0 2 1 4
2938 0 2 3
3 0 2 3 1
96 0 2 3 4
12858 0 2 4
15 0 2 4 1
67 0 2 4 3
213 0 3
1 0 3 4
202 0 4
3 0 4 3
4 1
1 1 0
6844 0
6 0 1
3378 0 2
4 0 2 1
64 0 2 3
168 0 2 4
83062 0 3
48 0 3 1
858 0 3 2
6 0 3 2 4
2816 0 3 4
6 0 3 4 1
1 0 3 4 2
1929 0 4
9 0 4 1
1348 0 4 2
1 0 4 2 1
1 0 4 2 3
68 0 4 3
172 0
2 0 3
1 0 4
478 1
8 1 0
27 1 2
1 1 2 3
62270 1 3
36 1 3 0
23 1 3 2
777 1 3 4
261 1 4
1 1 4 0
6 1 4 2
4 1 4 3
11950 4 0
564 4 0 1
5 4 0 1 3
9214 4 0 2
47 4 0 2 3
13686 4 0 3
26 4 0 3 1
47 4 0 3 2
5 4 3
795 4 3 0
2 4 3 0 1
17 4 3 1
5305 0
10 0 1
61025 0 2
175 0 2 1
7926 0 2 3
4 0 2 3 1
66 0 2 3 4
2973 0 2 4
5 0 2 4 1
28 0 2 4 3
20558 0 3
18 0 3 1
2 0 3 1 4
831 0 3 2
3 0 3 2 4
268 0 3 4
979 0 4
4 0 4 2
253 0 4 3
4248 0
7 0 1
9084 0 2
51 0 2 1
345 0 2 3
3 0 2 3 4
59 0 2 4
30503 0 3
30 0 3 1
44170 0 3 2
351 0 3 2 1
5 0 3 2 1 4
419 0 3 2 4
5520 0 3 4
4 0 3 4 1
568 0 4
1527 0 4 3
373 1
2903 1 3
2 1 3 0
3 1 3 2
56 1 3 4
59 1 4
6301 0
8 0 1
18233 0 2
31 0 2 1
842 0 2 3
2 0 2 3 4
1280 0 2 4
7 0 2 4 3
68773 0 3
32 0 3 1
898 0 3 2
1 0 3 2 4
2374 0 3 4
3 0 3 4 1
2 0 3 4 2
1441 0 4
2 0 4 1
3 0 4 2
199 0 4 3
27 0
20 0 4
1 0 4 3
1004 1
17 1 0
67 1 2
2 1 2 4
97331 1 3
97 1 3 0
145 1 3 2
1370 1 3 4
4 1 3 4 0
377 1 4
13 1 4 3
1 1 4 3 2
2 1
6597 4 1
1398 4 1 0
31 4 1 0 3
104 4 1 2
10 4 1 2 3
91726 4 1 3
256 4 1 3 0
249 4 1 3 2
6940 0
4 0 1
249 0 2
1 0 2 3
61813 0 3
53 0 3 1
548 0 3 2
11 0 3 2 4
1218 0 3 4
1 0 3 4 1
3246 0 4
27 0 4 1
228 0 4 2
26297 0 4 3
13 0 4 3 1
20 0 4 3 2
5872 0
6 0 1
23193 0 2
248 0 2 1
1 0 2 1 4
1653 0 2 3
1 0 2 3 1
8 0 2 3 4
10545 0 2 4
4 0 2 4 1
69 0 2 4 3
15233 0 3
18 0 3 1
19049 0 3 2
95 0 3 2 1
125 0 3 2 4
3950 0 3 4
2 0 3 4 1
2 0 3 4 2
1882 0 4
18138 0 4 3
28 0 4 3 1
8 0 4 3 2
5052 0
82 0 1
27 0 1 4
52 0 2
91593 0 3
45 0 3 1
536 0 3 2
8 0 3 2 4
2316 0 3 4
4 0 3 4 2
878 0 4
1 0 4 1
95 0 4 2
30 0 4 3
5569 0
391 0 1
12 0 1 3
247 0 1 4
1118 0 2
57 0 2 3
23 0 2 4
87068 0 3
107 0 3 1
2 0 3 1 4
1094 0 3 2
5 0 3 2 4
2824 0 3 4
1 0 3 4 2
947 0 4
17 0 4 1
1035 0 4 3
28 1
1 1 3
22 1 4
1050 1
697 1 0
3 1 0 2
2199 1 0 3
4 1 0 3 2
380 1 0 3 4
258 1 0 4
10 1 0 4 2
31 1 2
1 1 2 4
93891 1 3
46 1 3 0
3 1 3 0 4
69 1 3 2
1610 1 3 4
1 1 3 4 2
578 1 4
21 1 4 3
649 1
1741 1 0
87 1 0 2
237 1 0 3
6 1 0 3 4
3541 1 0 4
68 1 0 4 3
87 1 2
65 1 2 0
2 1 2 3
5 1 2 4
92877 1 3
62 1 3 0
44 1 3 2
1155 1 3 4
357 1 4
5 1 4 3
2 4 3
738 0
743 0 3
7 0 3 2
9 0 3 4
37 0 4
775 1
596 1 0
5 1 0 2
13 1 0 3
52963 1 0 4
10752 1 0 4 2
128 1 0 4 2 3
2346 1 0 4 3
1 1 0 4 3 2
8 1 2
1 1 2 4
26423 1 3
20 1 3 0
13 1 3 2
1138 1 3 4
135 1 4
6 1 4 0
3252 1 4 3
1 1 4 3 0
3 1 4 3 2
5534 0
6 0 1
11457 0 2
264 0 2 1
1 0 2 1 3
2 0 2 1 4
2098 0 2 3
2 0 2 3 1
9 0 2 3 4
961 0 2 4
1 0 2 4 1
9 0 2 4 3
49097 0 3
24 0 3 1
116 0 3 2
2100 0 3 4
486 0 4
7 0 4 1
27857 0 4 2
15 0 4 2 1
280 0 4 2 3
80 1
63 1 3
4 1 4
6384 0
11 0 1
2 0 1 3
48667 0 2
294 0 2 1
1 0 2 1 4
2655 0 2 3
13 0 2 3 4
5584 0 2 4
9 0 2 4 1
24 0 2 4 3
32276 0 3
11 0 3 1
527 0 3 2
2 0 3 2 4
1477 0 3 4
1 0 3 4 1
711 0 4
1622 0 4 3
2088 0
2 0 1
12 0 2
90955 0 3
50 0 3 1
457 0 3 2
5 0 3 2 4
6809 0 3 4
5 0 3 4 1
9 0 3 4 2
79 0 4
1 0 4 3
49 1
20 1 3
1 1 4 3
67 4 1
2 4 1 3
4139 0
4 0 1
2279 0 2
1 0 2 1
25 0 2 3
194 0 2 4
90121 0 3
40 0 3 1
1 0 3 1 4
379 0 3 2
3152 0 3 4
1 0 3 4 1
2 0 3 4 2
217 0 4
103 0 4 3
34 1
74 1 3
1 1 3 4
2 1 4
6605 0
17 0 1
65 0 1 4
27022 0 2
112 0 2 1
1517 0 2 3
5 0 2 3 4
5307 0 2 4
36 0 2 4 3
50302 0 3
24 0 3 1
808 0 3 2
2 0 3 2 4
1767 0 3 4
3 0 3 4 1
2074 0 4
3 0 4 1
1114 0 4 2
8 0 4 2 3
4019 0 4 3
7 0 4 3 2
5539 0
45 0 1
1 0 1 3
4716 0 1 4
31 0 1 4 2
355 0 1 4 3
3114 0 2
11 0 2 1
119 0 2 3
27 0 2 4
81065 0 3
29 0 3 1
1206 0 3 2
4 0 3 2 1
3 0 3 2 4
2946 0 3 4
3 0 3 4 2
879 0 4
2 0 4 2
452 0 4 3
5 0 4 3 2
14 1
52 1 3
5633 0
34 0 1
1 0 1 4
5029 0 2
1 0 2 1
94 0 2 3
2380 0 2 4
4 0 2 4 1
245 0 2 4 3
75206 0 3
39 0 3 1
215 0 3 2
1 0 3 2 4
3480 0 3 4
3 0 3 4 1
8 0 3 4 2
2648 0 4
4 0 4 1
4663 0 4 2
10 0 4 2 1
137 0 4 2 3
676 0 4 3
10 0 4 3 2
5465 0
8 0 1
58083 0 2
327 0 2 1
2336 0 2 3
50 0 2 3 1
2 0 2 3 1 4
3 0 2 3 4
22429 0 2 4
25 0 2 4 1
160 0 2 4 3
9804 0 3
5 0 3 1
4 0 3 2
200 0 3 4
694 0 4
1 0 4 2
499 0 4 3
1174 1
156 1 0
49 1 0 3
5 1 0 3 2
2 1 0 3 4
7 1 0 4
138 1 2
10 1 2 0
284 1 2 3
1 1 2 3 4
1 1 2 4
96007 1 3
75 1 3 0
3 1 3 0 4
174 1 3 2
2 1 3 2 0
1157 1 3 4
1117 1 4
2 1 4 0
5 1 4 2
93 1 4 3
1078 1
16 1 0
1 1 0 4
83 1 2
96743 1 3
66 1 3 0
5 1 3 0 4
128 1 3 2
1696 1 3 4
1 1 3 4 0
722 1 4
1 1 4 0
4 1 4 2
5 1 4 3
802 1
14 1 0
10 1 0 3
5 1 2
97597 1 3
51 1 3 0
69 1 3 2
1443 1 3 4
1 1 3 4 2
453 1 4
1 1 4 0
4 1 4 3
1 4
6554 0
12 0 1
2 0 1 4
2246 0 2
6 0 2 1
32 0 2 3
17 0 2 4
85068 0 3
46 0 3 1
163 0 3 2
4233 0 3 4
6 0 3 4 2
967 0 4
2101 0 4 3
3 0 4 3 1
2 0 4 3 2
6200 0
12 0 1
13219 0 2
19 0 2 1
9814 0 2 3
24 0 2 3 1
137 0 2 3 4
1101 0 2 4
1 0 2 4 1
64141 0 3
42 0 3 1
149 0 3 2
1 0 3 2 1
4594 0 3 4
4 0 3 4 2
524 0 4
5 0 4 1
94 0 4 2
1 0 4 2 3
94 0 4 3
10 1
3 1 3
516 0
3 0 1
1 0 2
1770 0 3
12 0 3 4
38 0 4
1 0 4 3
844 1
20 1 0
1 1 0 3
556 1 2
136 1 2 0
45 1 2 3
4 1 2 3 0
554 1 2 4
12 1 2 4 3
94425 1 3
166 1 3 0
59 1 3 2
7 1 3 2 4
1257 1 3 4
67 1 3 4 2
292 1 4
11 1 4 0
1 1 4 2
14 1 4 3
2 4 1
6731 0
13 0 1
44265 0 2
31214 0 2 1
233 0 2 1 3
634 0 2 1 4
2 0 2 1 4 3
2686 0 2 3
1 0 2 3 1
17 0 2 3 4
1465 0 2 4
2 0 2 4 3
11697 0 3
5 0 3 1
10 0 3 2
1035 0 3 4
1 0 3 4 2
556 0 4
5 0 4 3
47 1
10 1 3
2 1 4
5615 0
6 0 1
37812 0 2
17171 0 2 1
93 0 2 1 3
405 0 2 1 4
2773 0 2 3
3 0 2 3 1
29 0 2 3 4
2856 0 2 4
14 0 2 4 3
31184 0 3
11 0 3 1
226 0 3 2
2 0 3 2 4
1440 0 3 4
2 0 3 4 1
346 0 3 4 2
294 0 4
4 0 4 3
5439 0
31 0 1
1 0 1 2
1 0 1 3
53517 0 2
283 0 2 1
2 0 2 1 3
2 0 2 1 4
1416 0 2 3
4 0 2 3 1
3 0 2 3 4
37652 0 2 4
107 0 2 4 1
206 0 2 4 3
1361 0 3
9 0 3 4
282 0 4
3 0 4 3
732 1
39 1 0
6 1 0 4
2 1 2
97827 1 3
180 1 3 0
78 1 3 2
1590 1 3 4
1 1 3 4 0
4 1 3 4 2
60 1 4
13950 4 0
53 4 0 1
15117 4 0 2
24 4 0 2 1
98 4 0 2 3
69263 4 0 3
66 4 0 3 1
41 4 0 3 2
1362 4 1
8 4 1 0
39 4 1 2
207 4 1 3
1 4 3
6178 0
10 0 1
971 0 1 2
13 0 1 2 3
12 0 1 2 4
1 0 1 3
8482 0 2
23 0 2 1
54896 0 2 3
66 0 2 3 1
411 0 2 3 4
866 0 2 4
4 0 2 4 3
9100 0 3
16 0 3 1
12 0 3 2
53 0 3 4
582 0 4
3 0 4 1
18435 0 4 3
19 0 4 3 1
152 0 4 3 2
4310 0
5 0 1
73047 0 2
727 0 2 1
1 0 2 1 3
5 0 2 1 4
2715 0 2 3
64 0 2 3 4
11442 0 2 4
2 0 2 4 1
93 0 2 4 3
7744 0 3
7 0 3 1
1 0 3 1 4
93 0 3 4
286 0 4
8 1
6046 0
29 0 1
2 0 1 3
2 0 1 4
1632 0 2
51 0 2 3
32740 0 2 4
50 0 2 4 1
1 0 2 4 1 3
233 0 2 4 3
46235 0 3
54 0 3 1
321 0 3 2
37 0 3 2 4
1619 0 3 4
3461 0 4
299 0 4 1
2 0 4 1 3
1 0 4 2
7665 0 4 3
9 0 4 3 1
1 0 4 3 2
1 1
385 0
1 0 2
11065 0 3
1 0 3 1
38 0 3 2
155 0 3 4
15 0 4
989 1
42 1 0
2 1 0 3
32 1 2
85382 1 3
40 1 3 0
52 1 3 2
932 1 3 4
997 1 4
1 1 4 0
11 1 4 2
122 1 4 3
6277 0
19 0 1
1 0 1 3
45586 0 2
293 0 2 1
5 0 2 1 3
2 0 2 1 4
2849 0 2 3
1 0 2 3 1
22 0 2 3 4
5150 0 2 4
24 0 2 4 1
1 0 2 4 1 3
25 0 2 4 3
37652 0 3
43 0 3 1
116 0 3 2
1367 0 3 4
650 0 4
1 0 4 1
8 0 4 2
308 0 4 3
4174 0
11 0 1
278 0 2
3 0 2 3
83543 0 3
43 0 3 1
6864 0 3 2
1 0 3 2 1
68 0 3 2 4
5133 0 3 4
18 0 3 4 1
5 0 3 4 2
188 0 4
2 0 4 3
16625 4 0
756 4 0 1
7 4 0 1 3
12185 4 0 2
11 4 0 2 1
74 4 0 2 3
70631 4 0 3
157 4 0 3 1
123 4 0 3 2
1 4 0 3 2 1
12 4 3
3993 0
5 0 1
9125 0 2
25 0 2 1
178 0 2 3
1 0 2 3 4
895 0 2 4
6 0 2 4 3
65968 0 3
25 0 3 1
124 0 3 2
6202 0 3 4
12 0 3 4 1
400 0 4
2 0 4 3
560 1
8 1 0
1 1 0 3
90 1 2
14 1 2 3
9 1 2 4
12557 1 3
35 1 3 0
14 1 3 2
112 1 3 4
211 1 4
4 1 4 3
4647 0
5 0 1
68718 0 2
134 0 2 1
1 0 2 1 3
9067 0 2 3
1 0 2 3 1
59 0 2 3 4
4467 0 2 4
24 0 2 4 3
9878 0 3
12 0 3 1
7 0 3 2
166 0 3 4
1 0 3 4 1
1078 0 4
4 0 4 1
665 0 4 2
3 0 4 2 3
300 0 4 3
58 1
851 1 3
1 1 3 2
11 1 3 4
6 1 4
1 4 3
1019 1
4 1 0
10 1 2
96396 1 3
217 1 3 0
1 1 3 0 2
120 1 3 2
2350 1 3 4
2 1 3 4 0
335 1 4
123 1 4 0
1 1 4 0 3
118 1 4 3
13 4 0
1 4 0 2
1 4 0 3
5580 0
25 0 1
1 0 1 4
53445 0 2
154 0 2 1
3 0 2 1 4
25236 0 2 3
47 0 2 3 1
158 0 2 3 4
1513 0 2 4
1 0 2 4 1
17 0 2 4 3
10947 0 3
5 0 3 1
13 0 3 2
1498 0 3 4
1414 0 4
1 0 4 1
2 0 4 2
54 0 4 3
5919 0
28 0 1
673 0 2
4 0 2 3
348 0 2 4
89415 0 3
27 0 3 1
1223 0 3 2
9 0 3 2 4
2109 0 3 4
1 0 3 4 1
3 0 3 4 2
735 0 4
4 0 4 1
1 0 4 2
65 0 4 3
867 1
88 1 0
1 1 0 3
77 1 2
6 1 2 3
4 1 2 4
97150 1 3
87 1 3 0
3 1 3 0 4
58 1 3 2
1341 1 3 4
3 1 3 4 0
843 1 4
2 1 4 2
67 1 4 3
6672 0
4 0 1
1 0 1 3
32343 0 2
345 0 2 1
3 0 2 1 3
35347 0 2 3
6014 0 2 3 1
121 0 2 3 1 4
198 0 2 3 4
1093 0 2 4
5 0 2 4 3
16455 0 3
6 0 3 1
171 0 3 2
1 0 3 2 4
1069 0 3 4
572 0 4
43 0 4 3
1 0
919 1
2 1 0
1352 1 2
67711 1 2 0
735 1 2 0 3
3 1 2 0 3 4
1224 1 2 0 4
6 1 2 0 4 3
206 1 2 3
752 1 2 4
285 1 2 4 0
1 1 2 4 0 3
263 1 2 4 3
25187 1 3
20 1 3 0
1 1 3 0 2
11 1 3 2
265 1 3 4
1070 1 4
11 1 4 0
4 1 4 2
92 1 4 3
5088 0
9 0 1
50004 0 2
18166 0 2 1
197 0 2 1 3
2 0 2 1 3 4
178 0 2 1 4
19885 0 2 3
1074 0 2 3 1
3 0 2 3 1 4
211 0 2 3 4
2925 0 2 4
5 0 2 4 1
14 0 2 4 3
1138 0 3
1 0 3 1
17 0 3 4
1235 0 4
5 0 4 1
50 0 4 2
116 0 4 3
1 4
850 1
22 1 0
27 1 2
96846 1 3
74 1 3 0
1 1 3 0 2
2 1 3 0 4
78 1 3 2
1466 1 3 4
1 1 3 4 0
1 1 3 4 2
964 1 4
3 1 4 0
35 1 4 3
1 4
2023 0
3 0 1
33 0 2
1 0 2 3
6944 0 3
108 0 3 4
340 0 4
6 0 4 3
634 1
44 1 0
1 1 2
87426 1 3
70 1 3 0
105 1 3 2
1511 1 3 4
13 1 3 4 2
1163 1 4
5 1 4 0
6 1 4 2
115 1 4 3
1 1 4 3 2
5145 0
17 0 1
2 0 1 2
48352 0 2
1563 0 2 1
8 0 2 1 3
14 0 2 1 4
1472 0 2 3
3 0 2 3 1
22 0 2 3 4
6641 0 2 4
2 0 2 4 1
274 0 2 4 3
26217 0 3
15 0 3 1
7673 0 3 2
4 0 3 2 1
206 0 3 2 4
645 0 3 4
337 0 4
5 0 4 3
125 1
1 1 0
1262 1 3
1 1 3 0
98 1 3 4
117 1 4
1 1 4 3
5789 0
34 0 1
1 0 1 3
249 0 2
5459 0 2 3
1 0 2 3 1
31 0 2 3 4
3 0 2 4
78329 0 3
83 0 3 1
1 0 3 1 4
965 0 3 2
2 0 3 2 4
2356 0 3 4
2 0 3 4 1
1 0 3 4 2
394 0 4
1 0 4 1
63 0 4 3
145 1
3 1 2
6074 1 3
3 1 3 2
150 1 3 4
17 1 4
5674 0
8 0 1
23945 0 2
62 0 2 1
6391 0 2 3
4 0 2 3 1
45 0 2 3 4
1226 0 2 4
2 0 2 4 1
12 0 2 4 3
43684 0 3
16 0 3 1
648 0 3 2
1 0 3 2 1
2 0 3 2 4
1201 0 3 4
1482 0 4
11 0 4 2
16052 0 4 3
16 0 4 3 1
20 0 4 3 2
89 1
7 1 0
4 1 3
3 1 4
960 1
939 1 0
63 1 0 2
23 1 0 3
1533 1 0 4
4 1 0 4 2
55 1 0 4 3
47 1 2
1 1 2 3
94673 1 3
109 1 3 0
59 1 3 2
1444 1 3 4
14 1 3 4 0
1 1 3 4 2 0
497 1 4
1 1 4 0
3 1 4 2
104 1 4 3
4557 0
20 0 1
1 0 1 3
7126 0 2
7 0 2 1
266 0 2 3
265 0 2 4
60305 0 3
28 0 3 1
8547 0 3 2
5 0 3 2 1
55 0 3 2 4
1385 0 3 4
7288 0 4
681 0 4 1
4 0 4 1 2
1 0 4 1 3
15 0 4 2
10103 0 4 3
2 0 4 3 1
21 0 4 3 2
6036 0
15 0 1
9470 0 2
50 0 2 1
2236 0 2 3
4 0 2 3 1
14 0 2 3 4
2522 0 2 4
1 0 2 4 1
19 0 2 4 3
74099 0 3
45 0 3 1
427 0 3 2
2674 0 3 4
1 0 3 4 1
1359 0 4
11 0 4 1
1799 0 4 3
2 0 4 3 2
17 1
1 1 2
3497 0
12 0 1
60360 0 2
2760 0 2 1
107 0 2 1 3
30 0 2 1 4
9332 0 2 3
11 0 2 3 1
73 0 2 3 4
5483 0 2 4
3 0 2 4 1
47 0 2 4 3
17552 0 3
40 0 3 1
1 0 3 1 4
143 0 3 2
617 0 3 4
183 0 4
4 0 4 3
784 1
9 1 0
1 1 0 3
156 1 2
33 1 2 3
29 1 2 4
96451 1 3
51 1 3 0
160 1 3 2
1 1 3 2 4
1293 1 3 4
2 1 3 4 2
1709 1 4
1 1 4 0
4 1 4 2
88 1 4 3
645 1
5 1 0
53 1 2
8 1 2 3
1 1 2 4
95907 1 3
124 1 3 0
1 1 3 0 2
105 1 3 2
1817 1 3 4
8 1 3 4 2
736 1 4
1431 1 4 0
32 1 4 0 3
78 1 4 3
877 1
22 1 0
7 1 0 4
19686 1 3
4 1 3 0
8 1 3 2
382 1 3 4
2 1 3 4 0
624 1 4
2025 1 4 0
2 1 4 0 2
9 1 4 0 3
11424 1 4 2
6278 1 4 2 0
30 1 4 2 0 3
58732 1 4 2 3
127 1 4 2 3 0
24 1 4 3
6064 0
81 0 1
6 0 1 3
473 0 1 4
28 0 1 4 3
12091 0 2
59 0 2 1
18 0 2 1 3
2 0 2 1 3 4
986 0 2 3
2 0 2 3 4
8350 0 2 4
4 0 2 4 1
55 0 2 4 3
68090 0 3
31 0 3 1
503 0 3 2
70 0 3 2 4
2740 0 3 4
15 0 3 4 2
749 0 4
2 0 4 1
3 0 4 2
106 0 4 3
18472 0 4
727 0 4 1
5 0 4 1 2
7 0 4 1 3
72093 0 4 2
90 0 4 2 1
1 0 4 2 1 3
553 0 4 2 3
8250 0 4 3
5 0 4 3 1
4 0 4 3 2
5759 0
10 0 1
3220 0 2
3202 0 2 1
16 0 2 1 3
36 0 2 1 4
2892 0 2 3
1 0 2 3 1
13 0 2 3 4
163 0 2 4
8 0 2 4 3
79727 0 3
41 0 3 1
485 0 3 2
1 0 3 2 1
4 0 3 2 4
3658 0 3 4
2 0 3 4 1
699 0 4
25 0 4 3
285 1
1 1 2
449 1 3
5 1 3 0
3 1 3 4
99 1 4
2 1 4 0
967 1
3 1 0
51 1 2
2 1 2 3
98480 1 3
108 1 3 0
68 1 3 2
1283 1 3 4
1 1 3 4 0
138 1 4
55 1 4 3
779 1
4 1 0
5 1 2
1 1 2 4
98243 1 3
97 1 3 0
83 1 3 2
1096 1 3 4
40 1 3 4 2
119 1 4
1 4 0
233 0
242 0 3
22 0 4
660 1
4 1 0
6 1 2
97447 1 3
116 1 3 0
36 1 3 0 4
48 1 3 2
1736 1 3 4
6 1 3 4 0
3 1 3 4 2
386 1 4
3 1 4 2
21 1 4 3
5802 0
23 0 1
4 0 1 4
933 0 2
1 0 2 1
31 0 2 3
5 0 2 4
87927 0 3
47 0 3 1
493 0 3 2
27 0 3 2 4
2605 0 3 4
1 0 3 4 2
952 0 4
1291 0 4 1
71 0 4 1 3
1 0 4 1 3 2
13 0 4 2
273 0 4 3
28 1
20 1 3
4037 0
18 0 1
43 0 2
1 0 2 1
54322 0 3
59 0 3 1
2045 0 3 2
14 0 3 2 4
2160 0 3 4
2 0 3 4 1
5 0 3 4 2
920 0 4
1 0 4 1
89 0 4 3
258 1
1 1 2
35659 1 3
10 1 3 0
48 1 3 2
751 1 3 4
1 1 3 4 0
100 1 4
1 1 4 0
1 1 4 2
4 1 4 3
6783 0
36 0 1
47 0 1 3
1 0 1 4
10124 0 2
481 0 2 3
350 0 2 4
73656 0 3
44 0 3 1
2 0 3 1 4
1288 0 3 2
4 0 3 2 4
2172 0 3 4
1 0 3 4 1
1 0 3 4 2
2818 0 4
3 0 4 1
11 0 4 2
3487 0 4 3
2 0 4 3 1
6681 0
4 0 1
4813 0 2
16 0 2 1
95 0 2 3
45 0 2 4
65628 0 3
32 0 3 1
121 0 3 2
2370 0 3 4
4 0 3 4 1
1 0 3 4 2
2333 0 4
5 0 4 1
5 0 4 2
18810 0 4 3
19 0 4 3 1
42 0 4 3 2
928 1
12 1 0
2 1 0 4
7 1 2
97717 1 3
45 1 3 0
307 1 3 2
2 1 3 2 0
1443 1 3 4
302 1 4
14 1 4 0
1 1 4 0 3
4 1 4 3
1202 1
263 1 0
23 1 0 3
8 1 0 4
87 1 2
1 1 2 3
47 1 2 4
96500 1 3
51 1 3 0
51 1 3 2
1 1 3 2 4
2007 1 3 4
1030 1 4
2 1 4 0
2 1 4 2
18 1 4 3
6326 0
23 0 1
631 0 2
10 0 2 1
115 0 2 3
76082 0 3
38 0 3 1
976 0 3 2
1 0 3 2 1
9 0 3 2 4
6760 0 3 4
5 0 3 4 1
27 0 3 4 2
2075 0 4
19 0 4 1
298 0 4 2
1 0 4 2 1
4 0 4 2 3
7488 0 4 3
21 0 4 3 1
36 0 4 3 2
4925 0
17 0 1
8 0 1 4
44367 0 2
70 0 2 1
10232 0 2 3
3 0 2 3 1
204 0 2 3 4
5277 0 2 4
9 0 2 4 1
122 0 2 4 3
31752 0 3
17 0 3 1
58 0 3 2
1378 0 3 4
1 0 3 4 1
821 0 4
1 0 4 2
47 0 4 3
101 1
1078 1 3
1 1 3 2
3 1 3 4
25 1 4
4 1 4 3
41 4 0
1 4 3
900 1
5 1 0
49 1 2
1 1 2 4
97741 1 3
55 1 3 0
65 1 3 2
1 1 3 2 4
1327 1 3 4
170 1 4
1 1 4 2
5 1 4 3
5245 0
12 0 1
10905 0 2
51 0 2 1
256 0 2 3
2 0 2 3 4
2640 0 2 4
4 0 2 4 1
14 0 2 4 3
43875 0 3
16 0 3 1
113 0 3 2
27707 0 3 4
7 0 3 4 1
57 0 3 4 2
3253 0 4
79 0 4 1
2 0 4 1 3
3826 0 4 2
23 0 4 2 3
2143 0 4 3
6 0 4 3 2
904 1
64 1 0
1 1 0 2
2 1 0 3
19 1 0 4
21 1 2
51411 1 3
27 1 3 0
32 1 3 2
415 1 3 4
459 1 4
8 1 4 0
8 1 4 3
1 4
722 4 0
1 4 0 2
46050 4 0 3
206 4 0 3 1
161 4 0 3 2
699 0
3178 0 2
2 0 2 1
103 0 2 3
100 0 2 4
2 0 2 4 3
721 0 3
1 0 3 1
1 0 3 4
307 0 4
15 0 4 3
757 1
7 1 0
356 1 2
19 1 2 3
112 1 2 4
118 1 2 4 0
11 1 2 4 3
91888 1 3
51 1 3 0
51 1 3 2
1 1 3 2 4
1111 1 3 4
805 1 4
481 1 4 3
4863 0
6 0 1
52166 0 2
13179 0 2 1
130 0 2 1 3
171 0 2 1 4
2906 0 2 3
3 0 2 3 1
18 0 2 3 4
21375 0 2 4
35 0 2 4 1
175 0 2 4 3
2851 0 3
2 0 3 1
9 0 3 2
28 0 3 4
1525 0 4
37 0 4 1
95 0 4 2
579 0 4 3
2 0 4 3 1
7 4 0
4 4 3
5645 0
21 0 1
49932 0 2
129 0 2 1
2258 0 2 3
3 0 2 3 1
15 0 2 3 4
19346 0 2 4
14 0 2 4 1
101 0 2 4 3
21373 0 3
8 0 3 1
61 0 3 2
346 0 3 4
815 0 4
1 0 4 1
2 0 4 2
1 0 4 2 3
44 0 4 3
1 1
1 0
1040 1
85 1 0
94 1 0 3
8 1 0 4
14 1 2
97056 1 3
38 1 3 0
48 1 3 2
3 1 3 2 4
1935 1 3 4
18 1 3 4 0
2 1 3 4 2
389 1 4
4 1 4 0
1 1 4 2
8 1 4 3
460 1
2 1 0
6 1 2
2224 1 3
13 1 3 4
3297 1 4
62930 1 4 0
25931 1 4 0 2
171 1 4 0 2 3
4473 1 4 0 3
1 1 4 0 3 2
14 1 4 2
614 1 4 3
5 1 4 3 0
4726 0
6 0 1
2450 0 2
1 0 2 1 3
29 0 2 3
12 0 2 4
85532 0 3
46 0 3 1
1 0 3 1 4
1648 0 3 2
12 0 3 2 1
10 0 3 2 4
5576 0 3 4
5 0 3 4 1
2 0 3 4 2
217 0 4
11 0 4 2
9 0 4 3
5915 0
9 0 1
1346 0 2
1 0 2 1
369 0 2 3
2 0 2 3 4
9 0 2 4
54001 0 3
14 0 3 1
258 0 3 2
790 0 3 4
1052 0 4
6 0 4 2
37220 0 4 3
139 0 4 3 1
51 0 4 3 2
7 1
25 1 3
1 4 3
1113 1
34 1 0
1 1 0 3
73 1 0 4
342 1 2
1063 1 2 0
7 1 2 0 3
1 1 2 0 4
134 1 2 3
71 1 2 4
93647 1 3
108 1 3 0
115 1 3 2
1 1 3 2 4
1032 1 3 4
668 1 4
2109 1 4 0
3 1 4 0 2
27 1 4 0 3
68 1 4 3
1587 0
2 0 1
13 0 2
10771 0 3
3 0 3 1
10 0 3 2
1788 0 3 4
1 0 3 4 2
90 0 4
1 0 4 3
661 1
2 1 0
36 1 2
1 1 2 3
84535 1 3
58 1 3 0
46 1 3 2
750 1 3 4
189 1 4
3 1 4 3
5149 0
42 0 1
1 0 1 3
6 0 1 4
202 0 2
1 0 2 1
54 0 2 4
79892 0 3
30 0 3 1
1304 0 3 2
30 0 3 2 1
9 0 3 2 4
2044 0 3 4
7 0 3 4 1
1 0 3 4 2
7112 0 4
22 0 4 1
1 0 4 1 3
486 0 4 2
1 0 4 2 1
1 0 4 2 3
4197 0 4 3
1 0 4 3 1
2 0 4 3 2
1 4
