15431 0
15 0 1
3200 0 2
5 0 2 1
26 0 2 3
47 0 2 4
76085 0 3
77 0 3 1
1925 0 3 2
1 0 3 2 1
73 0 3 2 4
1943 0 3 4
3 0 3 4 1
1710 0 4
3 0 4 2
17 0 4 3
1 1
14645 0
28 0 1
1 0 1 4
27417 0 2
11221 0 2 1
105 0 2 1 3
2797 0 2 1 4
8 0 2 1 4 3
3503 0 2 3
2 0 2 3 1
17 0 2 3 4
8248 0 2 4
47 0 2 4 1
97 0 2 4 3
28493 0 3
19 0 3 1
14 0 3 2
1693 0 3 4
3 0 3 4 1
1 0 3 4 2
2099 0 4
1 0 4 1
6 0 4 2
155 0 4 3
14643 0
30 0 1
26248 0 2
6 0 2 1
616 0 2 3
1 0 2 3 4
37902 0 2 4
22 0 2 4 1
221 0 2 4 3
19562 0 3
8 0 3 1
63 0 3 2
497 0 3 4
1153 0 4
18 0 4 3
179 1
1 1 0
7 1 2
3 1 3
4 1 4
6 4 0
3010 1
107 1 0
1 1 0 3
2715 1 2
10 1 2 0
60 1 2 3
297 1 2 3 4
1486 1 2 4
1 1 2 4 0
27 1 2 4 3
87289 1 3
49 1 3 0
1 1 3 0 4
591 1 3 2
1739 1 3 2 4
1670 1 3 4
4 1 3 4 2
1441 1 4
47 1 4 0
2 1 4 2
115 1 4 3
14467 0
18 0 1
52014 0 2
8879 0 2 1
79 0 2 1 3
80 0 2 1 4
1 0 2 1 4 3
1010 0 2 3
8 0 2 3 4
1462 0 2 4
1 0 2 4 1
18 0 2 4 3
13053 0 3
1 0 3 1
2 0 3 2
258 0 3 4
1 0 3 4 2
1142 0 4
75 0 4 1
2 0 4 2
41 0 4 3
273 1
1 1 0
7415 1 3
1 1 3 0
2 1 3 2
84 1 3 4
9 1 4
17339 0
72 0 1
177 0 1 4
15531 0 2
154 0 2 1
1 0 2 1 4
1285 0 2 3
4 0 2 3 4
563 0 2 4
1 0 2 4 3
57003 0 3
30 0 3 1
466 0 3 2
1 0 3 2 4
3712 0 3 4
2 0 3 4 1
1 0 3 4 2
2530 0 4
66 0 4 1
879 0 4 2
32 0 4 2 3
1 0 4 2 3 1
1008 0 4 3
1 4
17097 0
16 0 1
49806 0 2
233 0 2 1
8185 0 2 3
7 0 2 3 1
122 0 2 3 4
1443 0 2 4
145 0 2 4 3
20435 0 3
8 0 3 1
11 0 3 2
366 0 3 4
1 0 3 4 1
2608 0 4
3 0 4 1
524 0 4 3
2 0 4 3 2
15112 0
268 0 1
6 0 1 3
1 0 1 3 4
18 0 1 4
18459 0 2
10735 0 2 1
129 0 2 1 3
92 0 2 1 4
679 0 2 3
1 0 2 3 4
461 0 2 4
3 0 2 4 3
52003 0 3
28 0 3 1
119 0 3 2
1147 0 3 4
1594 0 4
1 0 4 1
9 0 4 2
82 0 4 3
11 1
2354 1
468 1 0
10305 1 0 2
90 1 0 2 3
284 1 0 2 4
10 1 0 3
8 1 0 4
85 1 2
1 1 2 3
45427 1 3
26 1 3 0
38 1 3 2
441 1 3 4
351 1 4
1 1 4 0
2 1 4 3
30698 4 0
473 4 0 1
3 4 0 1 3
4786 4 0 2
1 4 0 2 1
33 4 0 2 3
4250 4 0 3
10 4 0 3 1
4 4 0 3 2
1 4 3
14896 0
12 0 1
65858 0 2
297 0 2 1
2 0 2 1 4
1458 0 2 3
4 0 2 3 4
9241 0 2 4
3 0 2 4 1
74 0 2 4 3
6371 0 3
66 0 3 4
1735 0 4
1 0 4 1
4 0 4 2
82 0 4 3
3834 1
20 1 0
581 1 2
13 1 2 3
10 1 2 4
91228 1 3
84 1 3 0
81 1 3 2
1016 1 3 4
1 1 3 4 0
3304 1 4
29 1 4 0
15 1 4 2
2 1 4 2 3
458 1 4 3
6263 0
5 0 1
84137 0 2
994 0 2 1
3 0 2 1 3
10 0 2 1 4
1986 0 2 3
2 0 2 3 1
89 0 2 3 4
6150 0 2 4
3 0 2 4 1
33 0 2 4 3
413 0 3
3 0 3 4
540 0 4
1 0 4 2
7 0 4 3
14 1
1 4
20162 0
35 0 1
2898 0 2
7 0 2 1
88 0 2 3
95 0 2 4
70462 0 3
39 0 3 1
426 0 3 2
4 0 3 2 4
1913 0 3 4
1 0 3 4 1
4634 0 4
21 0 4 1
782 0 4 2
5 0 4 2 1
3 0 4 2 3
73 0 4 3
1 4
577 0
9 0 3
7 0 4
1 0 4 3
2055 1
33 1 0
93 1 2
2 1 2 3
2 1 2 4
50063 1 3
17 1 3 0
27 1 3 2
496 1 3 4
940 1 4
2 1 4 0
13 1 4 2
13 1 4 3
32543 4 0
883 4 0 1
2 4 0 1 3
3255 4 0 2
20 4 0 2 3
8321 4 0 3
10 4 0 3 1
15 4 0 3 2
1 4 1
44 4 3
600 4 3 0
31 4 3 1
15842 0
20 0 1
55210 0 2
93 0 2 1
3592 0 2 3
1 0 2 3 1
31 0 2 3 4
1463 0 2 4
1 0 2 4 1
10 0 2 4 3
21535 0 3
32 0 3 1
2 0 3 1 4
369 0 3 2
252 0 3 4
2170 0 4
7 0 4 2
251 0 4 3
11951 0
18 0 1
10309 0 2
55 0 2 1
237 0 2 3
5 0 2 3 4
106 0 2 4
39681 0 3
33 0 3 1
23417 0 3 2
148 0 3 2 1
3 0 3 2 1 4
228 0 3 2 4
3519 0 3 4
1 0 3 4 2
1282 0 4
2477 0 4 3
2 0 4 3 2
1372 1
3 1 0
2 1 2
5246 1 3
3 1 3 0
4 1 3 2
65 1 3 4
196 1 4
19685 0
38 0 1
12990 0 2
20 0 2 1
1 0 2 1 4
366 0 2 3
1350 0 2 4
60933 0 3
39 0 3 1
393 0 3 2
1308 0 3 4
2 0 3 4 1
3563 0 4
5 0 4 1
2 0 4 2
182 0 4 3
1 3 4
67 0
66 0 4
1 0 4 1
2 0 4 3
3627 1
44 1 0
2 1 0 3
2 1 0 4
166 1 2
1 1 2 3
8 1 2 4
93962 1 3
62 1 3 0
237 1 3 2
1122 1 3 4
1183 1 4
1 1 4 2
14 1 4 3
3 1
1 4
1 4 0
23057 4 1
2797 4 1 0
1 4 1 0 2
46 4 1 0 3
287 4 1 2
12 4 1 2 3
73649 4 1 3
243 4 1 3 0
154 4 1 3 2
3 4 3
20061 0
19 0 1
309 0 2
2 0 2 4
55870 0 3
38 0 3 1
253 0 3 2
5 0 3 2 4
816 0 3 4
1 0 3 4 1
7921 0 4
35 0 4 1
128 0 4 2
15389 0 4 3
6 0 4 3 1
13 0 4 3 2
1
16874 0
17 0 1
25035 0 2
150 0 2 1
980 0 2 3
1 0 2 3 1
3 0 2 3 4
6666 0 2 4
3 0 2 4 1
56 0 2 4 3
17853 0 3
7 0 3 1
9026 0 3 2
46 0 3 2 1
60 0 3 2 4
2382 0 3 4
1 0 3 4 1
3 0 3 4 2
4415 0 4
2 0 4 1
1 0 4 2
16884 0 4 3
16 0 4 3 1
6 0 4 3 2
1 4
14982 0
205 0 1
3 0 1 3
22 0 1 4
77 0 2
81047 0 3
56 0 3 1
299 0 3 2
2 0 3 2 4
1510 0 3 4
7 0 3 4 2
2361 0 4
2 0 4 1
78 0 4 2
64 0 4 3
5 1
16947 0
1169 0 1
1 0 1 2
29 0 1 3
395 0 1 4
2 0 1 4 3
1418 0 2
35 0 2 3
20 0 2 4
75174 0 3
139 0 3 1
398 0 3 2
3 0 3 2 4
1715 0 3 4
1 0 3 4 2
2364 0 4
67 0 4 1
1 0 4 1 3
608 0 4 3
1 0 4 3 2
137 1
1 1 3
98 1 4
4 1 4 3
4104 1
2002 1 0
10 1 0 2
3158 1 0 3
196 1 0 3 4
428 1 0 4
6 1 0 4 2
4 1 0 4 3
89 1 2
2 1 2 4
87247 1 3
66 1 3 0
1 1 3 0 4
74 1 3 2
1184 1 3 4
1 1 3 4 2
1756 1 4
1 1 4 0
1 1 4 2
53 1 4 3
2638 1
5687 1 0
89 1 0 2
602 1 0 3
5 1 0 3 4
6598 1 0 4
2 1 0 4 2
64 1 0 4 3
350 1 2
116 1 2 0
5 1 2 3
5 1 2 4
83355 1 3
52 1 3 0
41 1 3 2
872 1 3 4
1090 1 4
1 1 4 0
12 1 4 3
11 4 3
2073 0
1 0 2
673 0 3
1 0 3 1
2 0 3 2
68 0 4
2712 1
1706 1 0
10 1 0 2
21 1 0 3
66425 1 0 4
3865 1 0 4 2
37 1 0 4 2 3
1325 1 0 4 3
38 1 2
1 1 2 3
1 1 2 4
18942 1 3
6 1 3 0
46 1 3 2
582 1 3 4
435 1 4
9 1 4 0
1717 1 4 3
16016 0
9 0 1
1 0 1 4
12768 0 2
133 0 2 1
2 0 2 1 3
1632 0 2 3
9 0 2 3 4
726 0 2 4
5 0 2 4 3
50384 0 3
40 0 3 1
67 0 3 2
1437 0 3 4
1015 0 4
1 0 4 1
15668 0 4 2
9 0 4 2 1
154 0 4 2 3
8 0 4 3
288 1
1 1 2
136 1 3
6 1 4
1 4
18836 0
35 0 1
2 0 1 3
41816 0 2
168 0 2 1
1180 0 2 3
1 0 2 3 4
2533 0 2 4
5 0 2 4 1
17 0 2 4 3
32760 0 3
18 0 3 1
207 0 3 2
845 0 3 4
1780 0 4
8 0 4 1
6 0 4 2
877 0 4 3
6561 0
7 0 1
46 0 2
87937 0 3
37 0 3 1
285 0 3 2
1 0 3 2 4
5302 0 3 4
4 0 3 4 1
3 0 3 4 2
179 0 4
1 0 4 3
159 1
1 1 0
36 1 3
1 1 4
186 4 1
13 4 1 3
12310 0
13 0 1
2202 0 2
2 0 2 1
25 0 2 3
76 0 2 4
81783 0 3
29 0 3 1
276 0 3 2
2789 0 3 4
5 0 3 4 2
515 0 4
123 0 4 3
121 1
168 1 3
2 1 3 4
4 1 4
18597 0
30 0 1
82 0 1 4
2 0 1 4 3
23274 0 2
87 0 2 1
604 0 2 3
3 0 2 3 4
2578 0 2 4
21 0 2 4 3
45928 0 3
31 0 3 1
341 0 3 2
1 0 3 2 4
1061 0 3 4
1 0 3 4 2
5381 0 4
3 0 4 1
925 0 4 2
3 0 4 2 3
2333 0 4 3
2 0 4 3 1
1 0 4 3 2
17462 0
180 0 1
2 0 1 3
5702 0 1 4
4 0 1 4 2
200 0 1 4 3
3019 0 2
10 0 2 1
71 0 2 3
4 0 2 3 4
21 0 2 4
69141 0 3
21 0 3 1
506 0 3 2
1739 0 3 4
1 0 3 4 2
2292 0 4
2 0 4 2
256 0 4 3
3 0 4 3 2
79 1
103 1 3
1 4 3
16981 0
86 0 1
4 0 1 4
3520 0 2
47 0 2 3
871 0 2 4
2 0 2 4 1
89 0 2 4 3
67146 0 3
45 0 3 1
125 0 3 2
1 0 3 2 4
1896 0 3 4
1 0 3 4 1
5 0 3 4 2
6713 0 4
14 0 4 1
2246 0 4 2
2 0 4 2 1
63 0 4 2 3
774 0 4 3
2 0 4 3 2
15307 0
22 0 1
59877 0 2
145 0 2 1
1 0 2 1 4
1540 0 2 3
33 0 2 3 1
1 0 2 3 4
10882 0 2 4
10 0 2 4 1
90 0 2 4 3
10319 0 3
10 0 3 1
8 0 3 2
124 0 3 4
1695 0 4
2 0 4 2
494 0 4 3
4181 1
446 1 0
1 1 0 2
50 1 0 3
13 1 0 3 2
6 1 0 3 4
28 1 0 4
413 1 2
4 1 2 0
556 1 2 3
1 1 2 3 0
2 1 2 4
90480 1 3
77 1 3 0
4 1 3 0 4
159 1 3 2
835 1 3 4
3223 1 4
13 1 4 0
13 1 4 2
186 1 4 3
1 1 4 3 0
4083 1
60 1 0
4 1 0 4
263 1 2
1 1 2 3
1 1 2 4
92561 1 3
82 1 3 0
4 1 3 0 4
215 1 3 2
1229 1 3 4
2166 1 4
6 1 4 0
21 1 4 2
32 1 4 3
1 4
3181 1
41 1 0
14 1 0 3
1 1 0 4
11 1 2
94763 1 3
80 1 3 0
66 1 3 2
992 1 3 4
1283 1 4
4 1 4 0
14 1 4 3
19223 0
30 0 1
4 0 1 4
1862 0 2
2 0 2 1
17 0 2 3
11 0 2 4
72906 0 3
40 0 3 1
85 0 3 2
2497 0 3 4
1 0 3 4 2
2362 0 4
1 0 4 2
1334 0 4 3
5 0 4 3 1
18274 0
20 0 1
10103 0 2
20 0 2 1
4379 0 2 3
9 0 2 3 1
57 0 2 3 4
491 0 2 4
2 0 2 4 3
62982 0 3
27 0 3 1
88 0 3 2
2676 0 3 4
1 0 3 4 2
1368 0 4
16 0 4 1
73 0 4 2
64 0 4 3
67 1
1528 0
15 0 1
1 0 2
1919 0 3
19 0 3 4
112 0 4
1 0 4 3
3268 1
55 1 0
1 1 0 3
1626 1 2
135 1 2 0
114 1 2 3
3 1 2 3 0
1347 1 2 4
1 1 2 4 0
19 1 2 4 3
88065 1 3
257 1 3 0
94 1 3 2
7 1 3 2 4
1085 1 3 4
2 1 3 4 0
19 1 3 4 2
865 1 4
29 1 4 0
1 1 4 0 3
26 1 4 3
1 4
18 4 1
18534 0
39 0 1
44605 0 2
15291 0 2 1
143 0 2 1 3
312 0 2 1 4
1778 0 2 3
6 0 2 3 4
1189 0 2 4
2 0 2 4 3
15546 0 3
8 0 3 1
17 0 3 2
1027 0 3 4
1 0 3 4 1
1366 0 4
1 0 4 1
3 0 4 2
9 0 4 3
191 1
37 1 3
4 1 4
15791 0
8 0 1
35550 0 2
6807 0 2 1
42 0 2 1 3
125 0 2 1 4
1293 0 2 3
1 0 2 3 1
13 0 2 3 4
1796 0 2 4
1 0 2 4 1
11 0 2 4 3
36553 0 3
17 0 3 1
403 0 3 2
5 0 3 2 4
1120 0 3 4
3 0 3 4 1
381 0 3 4 2
669 0 4
2 0 4 1
15 0 4 3
6 1
1 1 4
15131 0
99 0 1
1 0 1 3
2 0 1 4
62103 0 2
228 0 2 1
1 0 2 1 4
1253 0 2 3
2 0 2 3 1
3 0 2 3 4
18986 0 2 4
45 0 2 4 1
118 0 2 4 3
2241 0 3
34 0 3 4
692 0 4
1 0 4 2
12 0 4 3
2743 1
139 1 0
3 1 0 3
11 1 0 4
22 1 2
96236 1 3
130 1 3 0
67 1 3 2
1039 1 3 4
1 1 3 4 0
1 1 3 4 2
159 1 4
1 4 3
37081 4 0
81 4 0 1
1 4 0 1 3
10471 4 0 2
9 4 0 2 1
74 4 0 2 3
48452 4 0 3
30 4 0 3 1
19 4 0 3 2
4397 4 1
28 4 1 0
94 4 1 2
291 4 1 3
11 4 3
17159 0
27 0 1
622 0 1 2
6 0 1 2 3
3 0 1 2 4
1 0 1 3
10230 0 2
15 0 2 1
1 0 2 1 4
39990 0 2 3
48 0 2 3 1
1 0 2 3 1 4
336 0 2 3 4
4 0 2 3 4 1
701 0 2 4
4 0 2 4 3
11875 0 3
16 0 3 1
3 0 3 2
90 0 3 4
1441 0 4
1 0 4 1
1 0 4 2
17295 0 4 3
56 0 4 3 1
94 0 4 3 2
12669 0
11 0 1
69774 0 2
371 0 2 1
2 0 2 1 3
2 0 2 1 4
1798 0 2 3
18 0 2 3 4
5640 0 2 4
5 0 2 4 1
47 0 2 4 3
9396 0 3
4 0 3 1
7 0 3 2
118 0 3 4
696 0 4
2 0 4 1
8 0 4 3
36 1
3 1 4
17067 0
66 0 1
4 0 1 3
1 0 1 4
1623 0 2
50 0 2 3
17057 0 2 4
21 0 2 4 1
1 0 2 4 1 3
116 0 2 4 3
48582 0 3
55 0 3 1
198 0 3 2
29 0 3 2 4
1030 0 3 4
8047 0 4
395 0 4 1
5 0 4 1 3
25 0 4 2
5909 0 4 3
3 0 4 3 1
2 0 4 3 2
7 1
1162 0
1 0 2
10844 0 3
26 0 3 2
129 0 3 4
29 0 4
1 0 4 3
3833 1
141 1 0
5 1 0 3
1 1 0 4
121 1 2
2 1 2 3
1 1 2 4
80776 1 3
44 1 3 0
60 1 3 2
769 1 3 4
3348 1 4
5 1 4 0
38 1 4 2
1 1 4 2 3
189 1 4 3
18521 0
45 0 1
1 0 1 2
4 0 1 3
39494 0 2
188 0 2 1
2 0 2 1 3
1539 0 2 3
16 0 2 3 4
2458 0 2 4
8 0 2 4 1
10 0 2 4 3
35670 0 3
25 0 3 1
53 0 3 2
958 0 3 4
1537 0 4
5 0 4 1
10 0 4 2
174 0 4 3
12495 0
20 0 1
200 0 2
2 0 2 3
1 0 2 4
81577 0 3
44 0 3 1
2969 0 3 2
1 0 3 2 1
37 0 3 2 4
3089 0 3 4
1 0 3 4 1
8 0 3 4 2
433 0 4
1 0 4 1
1 0 4 3
2 4
43117 4 0
1236 4 0 1
1 4 0 1 2
12 4 0 1 3
8604 4 0 2
2 4 0 2 1
73 4 0 2 3
47069 4 0 3
244 4 0 3 1
2 4 0 3 1 2
58 4 0 3 2
39 4 3
11863 0
18 0 1
9300 0 2
23 0 2 1
1 0 2 1 3
102 0 2 3
511 0 2 4
1 0 2 4 1
4 0 2 4 3
53569 0 3
23 0 3 1
77 0 3 2
4055 0 3 4
9 0 3 4 1
888 0 4
1 0 4 1
12 0 4 3
2138 1
31 1 0
1 1 0 3
277 1 2
1 1 2 0
24 1 2 3
27 1 2 4
16293 1 3
40 1 3 0
1 1 3 0 4
16 1 3 2
138 1 3 4
646 1 4
1 1 4 0
10 1 4 2
5 1 4 3
13251 0
13 0 1
65667 0 2
131 0 2 1
1 0 2 1 3
4954 0 2 3
3 0 2 3 1
35 0 2 3 4
2256 0 2 4
14 0 2 4 3
9569 0 3
5 0 3 1
2 0 3 2
158 0 3 4
2690 0 4
1 0 4 1
489 0 4 2
3 0 4 2 3
237 0 4 3
228 1
1245 1 3
1 1 3 0
7 1 3 4
18 1 4
2 4 0
3861 1
35 1 0
44 1 2
92631 1 3
379 1 3 0
1 1 3 0 2
204 1 3 2
1658 1 3 4
1021 1 4
217 1 4 0
3 1 4 0 3
54 1 4 3
40 4 0
2 4 0 3
16459 0
53 0 1
5 0 1 3
53076 0 2
103 0 2 1
1 0 2 1 4
10893 0 2 3
20 0 2 3 1
61 0 2 3 4
1211 0 2 4
1 0 2 4 1
4 0 2 4 3
15175 0 3
12 0 3 1
15 0 3 2
1 0 3 2 4
1831 0 3 4
1 0 3 4 2
3345 0 4
2 0 4 1
8 0 4 2
84 0 4 3
17796 0
72 0 1
881 0 2
3 0 2 3
305 0 2 4
79209 0 3
41 0 3 1
390 0 3 2
1 0 3 2 4
1140 0 3 4
2005 0 4
1 0 4 1
92 0 4 3
3394 1
242 1 0
2 1 0 3
1 1 0 4
220 1 2
4 1 2 3
6 1 2 4
92537 1 3
102 1 3 0
4 1 3 0 4
38 1 3 2
981 1 3 4
2 1 3 4 0
2731 1 4
1 1 4 0
7 1 4 2
110 1 4 3
17930 0
10 0 1
1 0 1 2
1 0 1 3
1 0 1 4
36775 0 2
179 0 2 1
1 0 2 1 3
18294 0 2 3
2541 0 2 3 1
62 0 2 3 1 4
121 0 2 3 4
1019 0 2 4
2 0 2 4 3
21078 0 3
14 0 3 1
149 0 3 2
1095 0 3 4
1243 0 4
1 0 4 2
60 0 4 3
1 0
3421 1
9 1 0
3766 1 2
45066 1 2 0
434 1 2 0 3
725 1 2 0 4
6 1 2 0 4 3
344 1 2 3
1 1 2 3 0
1 1 2 3 4
1927 1 2 4
300 1 2 4 0
444 1 2 4 3
40075 1 3
22 1 3 0
18 1 3 2
434 1 3 4
1 1 3 4 0
3041 1 4
40 1 4 0
24 1 4 2
195 1 4 3
14590 0
41 0 1
2 0 1 3
59928 0 2
8197 0 2 1
81 0 2 1 3
84 0 2 1 4
9737 0 2 3
503 0 2 3 1
95 0 2 3 4
1886 0 2 4
3 0 2 4 1
7 0 2 4 3
2005 0 3
3 0 3 1
36 0 3 4
2846 0 4
5 0 4 1
84 0 4 2
1 0 4 2 3
235 0 4 3
3442 1
60 1 0
2 1 0 3
1 1 0 4
83 1 2
1 1 2 4
92857 1 3
68 1 3 0
4 1 3 0 4
134 1 3 2
1017 1 3 4
3095 1 4
6 1 4 0
72 1 4 3
6464 0
7 0 1
33 0 2
3 0 2 3
7006 0 3
3 0 3 1
1 0 3 2
104 0 3 4
812 0 4
4 0 4 1
24 0 4 3
2453 1
150 1 0
2 1 0 3
4 1 2
1 1 2 4
78071 1 3
93 1 3 0
74 1 3 2
1003 1 3 4
7 1 3 4 2
3671 1 4
7 1 4 0
11 1 4 2
222 1 4 3
14950 0
41 0 1
49579 0 2
668 0 2 1
2 0 2 1 4
914 0 2 3
26 0 2 3 4
3272 0 2 4
1 0 2 4 1
109 0 2 4 3
25022 0 3
7 0 3 1
3153 0 3 2
89 0 3 2 4
428 0 3 4
811 0 4
12 0 4 3
440 1
1 1 0
4 1 2
1670 1 3
1 1 3 0
2 1 3 2
90 1 3 4
362 1 4
1 1 4 3
16794 0
88 0 1
1 0 1 3
365 0 2
2838 0 2 3
1 0 2 3 1
21 0 2 3 4
6 0 2 4
70998 0 3
82 0 3 1
3 0 3 1 4
315 0 3 2
1352 0 3 4
970 0 4
82 0 4 3
511 1
2 1 0
15 1 2
6186 1 3
3 1 3 0
1 1 3 2
118 1 3 4
62 1 4
1 1 4 3
16855 0
36 0 1
23217 0 2
24 0 2 1
3653 0 2 3
2 0 2 3 1
19 0 2 3 4
758 0 2 4
2 0 2 4 1
7 0 2 4 3
40712 0 3
24 0 3 1
347 0 3 2
4 0 3 2 4
904 0 3 4
1 0 3 4 2
3566 0 4
2 0 4 1
17 0 4 2
10060 0 4 3
10 0 4 3 1
8 0 4 3 2
395 1
36 1 0
1 1 0 4 3
1 1 2
18 1 3
24 1 4
3585 1
2819 1 0
88 1 0 2
71 1 0 3
2276 1 0 4
9 1 0 4 2
39 1 0 4 3
132 1 2
1 1 2 4
88882 1 3
66 1 3 0
47 1 3 2
987 1 3 4
5 1 3 4 0
4 1 3 4 2
1389 1 4
3 1 4 0
9 1 4 2
78 1 4 3
13405 0
75 0 1
2 0 1 3
5988 0 2
12 0 2 1
1 0 2 1 3
170 0 2 3
202 0 2 4
52655 0 3
28 0 3 1
3789 0 3 2
1 0 3 2 1
28 0 3 2 4
787 0 3 4
17519 0 4
1154 0 4 1
3 0 4 1 2
1 0 4 1 3
34 0 4 2
4786 0 4 3
4 0 4 3 1
11 0 4 3 2
1 1
17485 0
41 0 1
3 0 1 4
8334 0 2
18 0 2 1
922 0 2 3
9 0 2 3 4
1225 0 2 4
5 0 2 4 3
66955 0 3
31 0 3 1
231 0 3 2
1484 0 3 4
1 0 3 4 1
3552 0 4
20 0 4 1
1 0 4 1 3
1 0 4 2
820 0 4 3
75 1
1 1 3
10170 0
24 0 1
58479 0 2
1252 0 2 1
57 0 2 1 3
14 0 2 1 4
4337 0 2 3
3 0 2 3 1
38 0 2 3 4
2862 0 2 4
1 0 2 4 1
18 0 2 4 3
22037 0 3
61 0 3 1
108 0 3 2
2 0 3 2 4
636 0 3 4
339 0 4
4 0 4 3
2930 1
31 1 0
2 1 0 3
1 1 0 4
485 1 2
1 1 2 0
46 1 2 3
82 1 2 4
90310 1 3
67 1 3 0
155 1 3 2
969 1 3 4
1 1 3 4 2
5107 1 4
22 1 4 2
1 1 4 2 3
236 1 4 3
2495 1
10 1 0
145 1 2
2 1 2 0
15 1 2 3
91679 1 3
187 1 3 0
1 1 3 0 4
114 1 3 2
1242 1 3 4
4 1 3 4 2
2191 1 4
2085 1 4 0
1 1 4 0 2
31 1 4 0 3
77 1 4 3
3204 1
53 1 0
1 1 0 3
16 1 0 4
12 1 2
23074 1 3
12 1 3 0
12 1 3 2
372 1 3 4
1851 1 4
2909 1 4 0
28 1 4 0 3
28089 1 4 2
3924 1 4 2 0
22 1 4 2 0 3
36611 1 4 2 3
56 1 4 2 3 0
52 1 4 3
17880 0
258 0 1
13 0 1 3
1 0 1 3 4
621 0 1 4
17 0 1 4 3
9963 0 2
32 0 2 1
6 0 2 1 3
405 0 2 3
1 0 2 3 1
4720 0 2 4
25 0 2 4 3
62692 0 3
49 0 3 1
224 0 3 2
18 0 3 2 4
1792 0 3 4
1 0 3 4 1
8 0 3 4 2
1851 0 4
3 0 4 1
1 0 4 2
147 0 4 3
2 0 2
44648 0 4
886 0 4 1
8 0 4 1 2
3 0 4 1 3
45366 0 4 2
33 0 4 2 1
305 0 4 2 3
9079 0 4 3
3 0 4 3 1
6 0 4 3 2
1 4
17270 0
24 0 1
3034 0 2
1955 0 2 1
10 0 2 1 3
18 0 2 1 4
1181 0 2 3
5 0 2 3 4
62 0 2 4
2 0 2 4 3
70749 0 3
30 0 3 1
209 0 3 2
1 0 3 2 4
2405 0 3 4
2 0 3 4 1
1559 0 4
3 0 4 2
45 0 4 3
1109 1
6 1 0
6 1 2
648 1 3
1 1 3 0
2 1 3 4
291 1 4
5 1 4 0
3549 1
16 1 0
202 1 2
1 1 2 3
3 1 2 4
95066 1 3
143 1 3 0
2 1 3 0 4
50 1 3 2
863 1 3 4
490 1 4
1 1 4 2
49 1 4 3
1 0
3069 1
24 1 0
1 1 0 4
21 1 2
96352 1 3
106 1 3 0
75 1 3 2
881 1 3 4
2 1 3 4 0
17 1 3 4 2
414 1 4
4 1 4 0
5 1 4 3
1 4
4 4 0
692 0
2 0 1
418 0 3
64 0 4
1 0 4 1
2579 1
4 1 0
17 1 2
93800 1 3
151 1 3 0
38 1 3 0 4
52 1 3 2
1320 1 3 4
2 1 3 4 0
2 1 3 4 2
1186 1 4
1 1 4 0
9 1 4 2
28 1 4 3
1 4
17453 0
56 0 1
2 0 1 3
7 0 1 4
909 0 2
25 0 2 3
6 0 2 4
75181 0 3
31 0 3 1
238 0 3 2
4 0 3 2 4
1661 0 3 4
2319 0 4
1931 0 4 1
71 0 4 1 3
16 0 4 2
177 0 4 3
95 1
46 1 3
1 1 3 4
3 1 4
12226 0
39 0 1
1 0 1 3
77 0 2
2 0 2 1
49210 0 3
79 0 3 1
813 0 3 2
2 0 3 2 4
1243 0 3 4
4 0 3 4 2
2183 0 4
1 0 4 1
60 0 4 3
934 1
1 1 0
1 1 0 4
11 1 2
33258 1 3
11 1 3 0
50 1 3 2
1 1 3 2 4
481 1 3 4
323 1 4
4 1 4 0
1 1 4 2
17 1 4 3
19211 0
124 0 1
63 0 1 3
2 0 1 4
8765 0 2
5 0 2 1
194 0 2 3
2 0 2 3 4
242 0 2 4
1 0 2 4 3
61222 0 3
33 0 3 1
528 0 3 2
5 0 3 2 4
1260 0 3 4
1 0 3 4 1
6842 0 4
4 0 4 1
25 0 4 2
2039 0 4 3
2 0 4 3 1
19320 0
15 0 1
4224 0 2
7 0 2 1
58 0 2 3
20 0 2 4
58881 0 3
32 0 3 1
72 0 3 2
1367 0 3 4
2 0 3 4 2
5784 0 4
12 0 4 1
11 0 4 2
10416 0 4 3
9 0 4 3 1
22 0 4 3 2
3288 1
35 1 0
4 1 0 4
30 1 2
3 1 2 3
94186 1 3
70 1 3 0
453 1 3 2
1 1 3 2 0
1122 1 3 4
933 1 4
19 1 4 0
1 1 4 0 3
3 1 4 2
15 1 4 3
4072 1
703 1 0
76 1 0 3
16 1 0 4
226 1 2
1 1 2 3
79 1 2 4
90705 1 3
60 1 3 0
73 1 3 2
1274 1 3 4
2919 1 4
8 1 4 0
12 1 4 2
1 1 4 2 3
61 1 4 3
18962 0
72 0 1
806 0 2
3 0 2 1
53 0 2 3
2 0 2 4
66825 0 3
32 0 3 1
837 0 3 2
3 0 3 2 1
10 0 3 2 4
3469 0 3 4
4 0 3 4 1
7 0 3 4 2
5032 0 4
14 0 4 1
198 0 4 2
1 0 4 2 3
3996 0 4 3
7 0 4 3 1
9 0 4 3 2
14905 0
64 0 1
14 0 1 4
38589 0 2
58 0 2 1
4740 0 2 3
1 0 2 3 1
71 0 2 3 4
1960 0 2 4
8 0 2 4 1
30 0 2 4 3
35061 0 3
21 0 3 1
48 0 3 2
1238 0 3 4
2155 0 4
110 0 4 3
415 1
1418 1 3
3 1 3 2
6 1 3 4
84 1 4
1 1 4 2
4 1 4 3
1 3 4
97 4 0
9 4 3
3372 1
40 1 0
1 1 0 4
158 1 2
6 1 2 4
95365 1 3
81 1 3 0
87 1 3 2
943 1 3 4
532 1 4
11 1 4 3
15571 0
29 0 1
9928 0 2
69 0 2 1
205 0 2 3
1467 0 2 4
6 0 2 4 3
43498 0 3
21 0 3 1
81 0 3 2
17292 0 3 4
6 0 3 4 1
32 0 3 4 2
8091 0 4
163 0 4 1
3 0 4 1 3
2690 0 4 2
15 0 4 2 3
1350 0 4 3
2 0 4 3 2
3688 1
238 1 0
4 1 0 2
6 1 0 3
31 1 0 4
74 1 2
1 1 2 3
64001 1 3
36 1 3 0
48 1 3 2
456 1 3 4
1459 1 4
14 1 4 0
2 1 4 2
16 1 4 3
1961 4 0
1 4 0 1
28176 4 0 3
84 4 0 3 1
61 4 0 3 2
2222 0
3439 0 2
8 0 2 1
46 0 2 3
89 0 2 4
956 0 3
3 0 3 4
801 0 4
1 0 4 2
27 0 4 3
2923 1
25 1 0
1103 1 2
36 1 2 3
266 1 2 4
150 1 2 4 0
1 1 2 4 0 3
13 1 2 4 3
84315 1 3
53 1 3 0
57 1 3 2
735 1 3 4
1 1 3 4 0
2465 1 4
1 1 4 2
496 1 4 3
14505 0
14 0 1
58773 0 2
5570 0 2 1
30 0 2 1 3
1 0 2 1 3 4
79 0 2 1 4
1980 0 2 3
1 0 2 3 1
7 0 2 3 4
11219 0 2 4
13 0 2 4 1
95 0 2 4 3
4072 0 3
4 0 3 1
18 0 3 2
41 0 3 4
3806 0 4
68 0 4 1
135 0 4 2
409 0 4 3
1 1
18 4 0
1 4 1 2
18 4 3
17712 0
75 0 1
47333 0 2
82 0 2 1
1 0 2 1 3
3 0 2 1 4
1565 0 2 3
3 0 2 3 1
13 0 2 3 4
8081 0 2 4
4 0 2 4 1
35 0 2 4 3
23574 0 3
11 0 3 1
48 0 3 2
294 0 3 4
1913 0 4
2 0 4 2
2 0 4 2 3
80 0 4 3
1 1
1 4
3 4 3
3944 1
265 1 0
170 1 0 3
1 1 0 3 4
14 1 0 4
48 1 2
1 1 2 3
1 1 2 4
93535 1 3
43 1 3 0
48 1 3 2
1209 1 3 4
6 1 3 4 0
1 1 3 4 2
1111 1 4
4 1 4 0
1 1 4 2
16 1 4 3
1828 1
8 1 0
14 1 2
2289 1 3
15 1 3 4
9645 1 4
73779 1 4 0
9929 1 4 0 2
68 1 4 0 2 3
2297 1 4 0 3
40 1 4 2
577 1 4 3
1 1 4 3 0
14218 0
33 0 1
2 0 1 4
2014 0 2
2 0 2 1
14 0 2 3
8 0 2 4
79121 0 3
55 0 3 1
1274 0 3 2
4 0 3 2 1
4 0 3 2 4
3205 0 3 4
1 0 3 4 1
3 0 3 4 2
593 0 4
8 0 4 2
16 0 4 3
17917 0
5 0 1
1817 0 2
194 0 2 3
6 0 2 4
54474 0 3
14 0 3 1
2 0 3 1 4
108 0 3 2
577 0 3 4
2692 0 4
20 0 4 2
22398 0 4 3
63 0 4 3 1
20 0 4 3 2
11 1
23 1 3
8 4 3
2 4 3 0
3965 1
119 1 0
4 1 0 3
152 1 0 4
3 1 0 4 3
1087 1 2
537 1 2 0
3 1 2 0 3
197 1 2 3
142 1 2 4
1 1 2 4 0
1 1 2 4 3
87960 1 3
143 1 3 0
2 1 3 0 4
119 1 3 2
822 1 3 4
1833 1 4
2831 1 4 0
2 1 4 0 2
28 1 4 0 3
91 1 4 3
4985 0
4 0 1
1 0 1 3
16 0 2
8411 0 3
5 0 3 1
5 0 3 2
1242 0 3 4
1 0 3 4 1
206 0 4
1 0 4 3
2634 1
11 1 0
126 1 2
4 1 2 3
1 1 2 4
81645 1 3
80 1 3 0
4 1 3 0 4
45 1 3 2
567 1 3 4
529 1 4
10 1 4 3
1 4
1 4 3
15514 0
154 0 1
2 0 1 3
7 0 1 4
370 0 2
1 0 2 3
52 0 2 4
61176 0 3
45 0 3 1
537 0 3 2
6 0 3 2 1
3 0 3 2 4
1031 0 3 4
2 0 3 4 1
17204 0 4
59 0 4 1
3 0 4 1 3
446 0 4 2
2 0 4 2 3
3631 0 4 3
1 0 4 3 1
4 0 4 3 2
