1
82878 0
55 0 1
1 0 1 3
586 0 2
2 0 2 1
4 0 2 3
2 0 2 4
13277 0 3
23 0 3 1
41 0 3 2
1 0 3 2 4
160 0 3 4
1 0 3 4 1
3606 0 4
2 0 4 2
25 0 4 3
41 1
1 3
7 4
1
80529 0
115 0 1
1 0 1 4
6245 0 2
1042 0 2 1
10 0 2 1 3
156 0 2 1 4
208 0 2 3
2 0 2 3 4
322 0 2 4
3 0 2 4 1
6 0 2 4 3
7352 0 3
10 0 3 1
8 0 3 2
250 0 3 4
3951 0 4
1 0 4 1
188 0 4 3
1 0 4 3 1
1 3
6 4
2
78190 0
130 0 1
1 0 1 4
5527 0 2
76 0 2 3
2806 0 2 4
7 0 2 4 1
14 0 2 4 3
6336 0 3
6 0 3 1
17 0 3 2
120 0 3 4
1 0 3 4 2
1977 0 4
1 0 4 2
20 0 4 3
5057 1
21 1 0
127 1 2
1 1 2 3
1 1 2 4
44 1 3
68 1 4
2 3
11 4
117 4 0
1
52410 1
657 1 0
1 1 0 3
5 1 0 4
11409 1 2
27 1 2 0
166 1 2 3
30 1 2 3 4
1489 1 2 4
1 1 2 4 0
7 1 2 4 3
25754 1 3
22 1 3 0
429 1 3 2
211 1 3 2 4
293 1 3 4
7312 1 4
82 1 4 0
54 1 4 3
67 4
2 4 3
74766 0
65 0 1
2 0 1 4
10845 0 2
247 0 2 1
2 0 2 1 3
2 0 2 1 4
104 0 2 3
152 0 2 4
1 0 2 4 3
3776 0 3
2 0 3 2
28 0 3 4
1972 0 4
17 0 4 1
1 0 4 1 3
3 0 4 2
25 0 4 3
6535 1
6 1 0
4 1 2
2068 1 3
1 1 3 0
2 1 3 2
14 1 3 4
158 1 4
41 4
11 4 1
2 4 3
86753 0
176 0 1
33 0 1 4
1691 0 2
4 0 2 1
31 0 2 3
35 0 2 4
8032 0 3
5 0 3 1
15 0 3 2
435 0 3 4
2991 0 4
23 0 4 1
44 0 4 2
1 0 4 2 3
81 0 4 3
89 4
12 4 1
22 4 3
85625 0
52 0 1
1 0 1 3
6479 0 2
6 0 2 1
249 0 2 3
4 0 2 3 4
89 0 2 4
7 0 2 4 3
4551 0 3
2 0 3 1
3 0 3 2
45 0 3 4
3412 0 4
5 0 4 1
3 0 4 2
139 0 4 3
2 3
49 4
1 4 3
1
78151 0
1742 0 1
29 0 1 3
1 0 1 3 4
41 0 1 4
1 0 1 4 3
2222 0 2
407 0 2 1
1 0 2 1 3
3 0 2 1 4
19 0 2 3
33 0 2 4
13299 0 3
11 0 3 1
16 0 3 2
98 0 3 4
3998 0 4
8 0 4 2
85 0 4 3
218 1
3 4
44660 1
1710 1 0
231 1 0 2
3 1 0 2 3
4 1 0 2 4
7 1 0 3
17 1 0 4
362 1 2
2 1 2 3
4 1 2 4
3 1 2 4 3
8229 1 3
2 1 3 0
4 1 3 2
57 1 3 4
1 1 3 4 0
2438 1 4
2 1 4 0
10 1 4 3
1 3
100 4
41000 4 0
148 4 0 1
2 4 0 1 3
228 4 0 2
1 4 0 2 1
747 4 0 3
13 4 1
30 4 3
82324 0
87 0 1
12082 0 2
14 0 2 1
181 0 2 3
2 0 2 3 4
468 0 2 4
3 0 2 4 3
2863 0 3
11 0 3 4
2644 0 4
1 0 4 1
6 0 4 2
28 0 4 3
15 1
2 4
5 0
59856 1
101 1 0
1 1 0 3
1947 1 2
42 1 2 3
23 1 2 4
25789 1 3
33 1 3 0
41 1 3 2
210 1 3 4
11762 1 4
14 1 4 0
32 1 4 2
1 1 4 2 3
280 1 4 3
2 4
55617 0
59 0 1
38875 0 2
54 0 2 1
612 0 2 3
23 0 2 3 4
639 0 2 4
2 0 2 4 1
5 0 2 4 3
1171 0 3
2 0 3 4
2992 0 4
1 0 4 1
5 0 4 2
1 0 4 2 3
27 0 4 3
522 1
4 1 4
124 4
4 4 0
35 4 1
1 4 2
69 4 3
3
87637 0
105 0 1
446 0 2
7 0 2 3
3 0 2 4
8211 0 3
4 0 3 1
14 0 3 2
251 0 3 4
3806 0 4
6 0 4 1
90 0 4 2
29 0 4 3
16 4
5202 0
8 0 1
5 0 2
93 0 3
35 0 4
1 0 4 3
42112 1
136 1 0
7 1 0 2
529 1 2
2 1 2 0
2 1 2 3
6977 1 3
4 1 3 0
5 1 3 2
34 1 3 4
5817 1 4
1 1 4 0
30 1 4 2
44 1 4 3
124 4
35630 4 0
112 4 0 1
90 4 0 2
546 4 0 3
7 4 1
2906 4 3
272 4 3 0
39 4 3 1
2 4 3 2
2
84931 0
64 0 1
6864 0 2
5 0 2 1
128 0 2 3
68 0 2 4
5637 0 3
3 0 3 1
12 0 3 2
47 0 3 4
2509 0 4
9 0 4 2
58 0 4 3
1 3
51 4
4 4 3
5
57061 0
126 0 1
2 0 1 2
1471 0 2
3 0 2 1
19 0 2 3
2 0 2 3 4
25 0 2 4
8500 0 3
8 0 3 1
1033 0 3 2
5 0 3 2 4
249 0 3 4
2316 0 4
2 0 4 1
731 0 4 3
24080 1
15 1 0
17 1 2
3547 1 3
5 1 3 2
25 1 3 4
1323 1 4
1 1 4 2
9 1 4 3
3 3
12 4
89153 0
107 0 1
1264 0 2
2 0 2 1
11 0 2 3
39 0 2 4
6199 0 3
7 0 3 1
12 0 3 2
80 0 3 4
3740 0 4
2 0 4 2
41 0 4 3
4 3
23 4
2
527 0
3 0 2
3 0 3
361 0 4
1 0 4 3
56460 1
429 1 0
1 1 0 3
14 1 0 4
838 1 2
5 1 2 3
21 1 2 4
34781 1 3
67 1 3 0
117 1 3 2
416 1 3 4
6019 1 4
1 1 4 2
33 1 4 3
1 3
1 4 3
280 1
4 1 3
1 3
190 4
30 4 0
1 4 0 3
95308 4 1
558 4 1 0
1 4 1 0 2
19 4 1 0 3
176 4 1 2
1 4 1 2 3
3658 4 1 3
9 4 1 3 0
6 4 1 3 2
162 4 3
1
88894 0
73 0 1
119 0 2
5928 0 3
3 0 3 1
17 0 3 2
1 0 3 2 1
1 0 3 2 4
73 0 3 4
5133 0 4
7 0 4 1
4 0 4 2
778 0 4 3
1 0 4 3 1
1 1
8 4
1 4 1
85077 0
94 0 1
3206 0 2
9 0 2 1
61 0 2 3
465 0 2 4
1 0 2 4 1
8 0 2 4 3
3895 0 3
4 0 3 1
305 0 3 2
1 0 3 2 1
2 0 3 2 4
148 0 3 4
5363 0 4
3 0 4 1
1 0 4 2
1725 0 4 3
4 0 4 3 1
1 0 4 3 2
1 3
24 4
1 4 3
81497 0
449 0 1
7 0 1 3
3 0 1 4
141 0 2
1 0 2 4
14045 0 3
8 0 3 1
23 0 3 2
177 0 3 4
3744 0 4
3 0 4 1
5 0 4 2
62 0 4 3
213 1
1 1 4
1 3
1 3 0
16 4
2 4 3
79970 0
4642 0 1
9 0 1 2
44 0 1 3
119 0 1 4
541 0 2
8 0 2 3
2 0 2 4
8927 0 3
10 0 3 1
9 0 3 2
110 0 3 4
2451 0 4
5 0 4 1
1 0 4 2
47 0 4 3
2669 1
5 1 2
12 1 3
586 1 4
1 1 4 0
2 1 4 3
1 3
2 4
20 0
64689 1
4853 1 0
5 1 0 2
779 1 0 3
15 1 0 3 4
195 1 0 4
374 1 2
1 1 2 0
5 1 2 4
23325 1 3
10 1 3 0
48 1 3 2
193 1 3 4
5879 1 4
1 1 4 0
4 1 4 2
80 1 4 3
1 3
7 4
1
45190 1
26584 1 0
71 1 0 2
884 1 0 3
14 1 0 3 4
3764 1 0 4
3 1 0 4 2
19 1 0 4 3
1534 1 2
91 1 2 0
27 1 2 3
16 1 2 4
17054 1 3
4 1 3 0
9 1 3 2
129 1 3 4
4240 1 4
4 1 4 0
7 1 4 2
38 1 4 3
59 4
1 4 0
1 4 1
442 4 3
4 4 3 0
1 4 3 2
1
10283 0
7 0 1
2 0 2
453 0 3
1 0 3 4
116 0 4
45744 1
9975 1 0
17 1 0 2
88 1 0 3
21430 1 0 4
94 1 0 4 2
188 1 0 4 3
239 1 2
24 1 2 3
5 1 2 4
8893 1 3
4 1 3 0
5 1 3 2
122 1 3 4
2644 1 4
10 1 4 0
1 1 4 2
209 1 4 3
4 4
1
79640 0
70 0 1
2304 0 2
19 0 2 1
155 0 2 3
1 0 2 3 4
49 0 2 4
9143 0 3
5 0 3 1
4 0 3 2
137 0 3 4
1441 0 4
1 0 4 1
917 0 4 2
6 0 4 2 3
4 0 4 3
6239 1
14 1 0
1 1 2
430 1 3
1 1 3 2
3 1 3 4
61 1 4
2 3
67 4
11 4 3
1
88021 0
212 0 1
9 0 1 3
3712 0 2
4 0 2 1
51 0 2 3
84 0 2 4
5875 0 3
4 0 3 1
4 0 3 2
73 0 3 4
2518 0 4
2 0 4 1
64 0 4 3
12 4
51416 0
77 0 1
230 0 2
1 0 2 1
2 0 2 3
3 0 2 4
40205 0 3
22 0 3 1
55 0 3 2
1828 0 3 4
760 0 4
8 0 4 3
3133 1
12 1 0
1 1 0 3
39 1 3
51 1 4
2 1 4 3
6 3
98 4
2577 4 1
2 4 1 0
6 4 1 2
64 4 1 3
5 4 3
3
77629 0
60 0 1
1 0 1 3
335 0 2
4 0 2 3
4 0 2 4
18978 0 3
19 0 3 1
35 0 3 2
317 0 3 4
1279 0 4
2 0 4 2
21 0 4 3
1680 1
1 1 0
125 1 3
80 1 4
1 1 4 3
10 4
1
87730 0
132 0 1
12 0 1 4
2917 0 2
24 0 2 3
83 0 2 4
5449 0 3
2 0 3 1
1 0 3 1 4
23 0 3 2
67 0 3 4
3773 0 4
6 0 4 1
52 0 4 2
1 0 4 2 3
178 0 4 3
85569 0
513 0 1
1 0 1 2
9 0 1 3
481 0 1 4
4 0 1 4 3
882 0 2
6 0 2 1
1 0 2 3
5 0 2 4
8178 0 3
3 0 3 1
19 0 3 2
132 0 3 4
2396 0 4
5 0 4 2
31 0 4 3
1788 1
5 1 0
3 1 2
131 1 3
28 1 4
1 3
69 4
1 4 1
46 4 3
84840 0
279 0 1
3 0 1 3
2 0 1 4
494 0 2
7 0 2 3
17 0 2 4
1 0 2 4 3
8091 0 3
15 0 3 1
8 0 3 2
86 0 3 4
6461 0 4
1 0 4 1
88 0 4 2
1 0 4 2 3
104 0 4 3
3 3
11 4
1 4 0
3 4 3
82165 0
91 0 1
11654 0 2
13 0 2 1
136 0 2 3
1 0 2 3 1
429 0 2 4
4 0 2 4 3
3001 0 3
1 0 3 1
4 0 3 2
15 0 3 4
2834 0 4
60 0 4 3
25 4
2
60970 1
1227 1 0
25 1 0 3
4 1 0 3 2
1 1 0 3 4
59 1 0 4
1950 1 2
4 1 2 0
308 1 2 3
1 1 2 3 4
21 1 2 4
23900 1 3
19 1 3 0
41 1 3 2
162 1 3 4
11449 1 4
20 1 4 0
52 1 4 2
206 1 4 3
1
64689 1
233 1 0
797 1 2
4 1 2 3
5 1 2 4
27700 1 3
35 1 3 0
4 1 3 0 4
49 1 3 2
212 1 3 4
6791 1 4
10 1 4 0
19 1 4 2
41 1 4 3
2 3
60 4
26 4 0
20 4 3
1 0
53817 1
181 1 0
20 1 0 3
165 1 2
37200 1 3
20 1 3 0
15 1 3 2
252 1 3 4
8446 1 4
3 1 4 0
1 1 4 2
53 1 4 3
1 3
65 4
29 4 3
3
87249 0
68 0 1
4 0 1 4
342 0 2
1 0 2 3
1 0 2 4
9744 0 3
2 0 3 1
9 0 3 2
195 0 3 4
2689 0 4
1 0 4 1
95 0 4 3
7 4
1
86451 0
100 0 1
998 0 2
1 0 2 1
143 0 2 3
2 0 2 3 4
14 0 2 4
9010 0 3
3 0 3 1
4 0 3 2
144 0 3 4
2144 0 4
2 0 4 1
2 0 4 2
22 0 4 3
1350 1
3 1 2
14 1 3
27 1 4
16 4
1
5840 0
44 0 1
502 0 3
10 0 3 4
468 0 4
9 0 4 3
53162 1
465 1 0
4 1 0 2
2 1 0 3
4944 1 2
21 1 2 0
118 1 2 3
4 1 2 3 0
1 1 2 3 4
2259 1 2 4
21 1 2 4 3
26810 1 3
103 1 3 0
67 1 3 2
2 1 3 2 4
298 1 3 4
4810 1 4
69 1 4 0
2 1 4 0 3
2 1 4 2
32 1 4 3
91 4
155 4 1
14 4 3
83377 0
95 0 1
4777 0 2
585 0 2 1
7 0 2 1 3
10 0 2 1 4
131 0 2 3
67 0 2 4
4543 0 3
3 0 3 2
96 0 3 4
2001 0 4
2 0 4 1
1 0 4 2
6 0 4 3
5008 1
1 1 0
5 1 2
115 1 3
41 1 4
1 1 4 3
2 3
25 4
1 4 3
2
84008 0
115 0 1
1 0 1 3
6 0 1 4
5701 0 2
158 0 2 1
1 0 2 1 3
6 0 2 1 4
53 0 2 3
1 0 2 3 4
106 0 2 4
2 0 2 4 3
8033 0 3
2 0 3 1
19 0 3 2
185 0 3 4
1 0 3 4 1
36 0 3 4 2
1714 0 4
11 0 4 1
19 0 4 3
311 1
2 1 2
3 1 3
7 1 4
1 3
4 4
1
82192 0
488 0 1
3 0 1 3
1 0 1 4
12711 0 2
27 0 2 1
1 0 2 1 3
167 0 2 3
5 0 2 3 4
1098 0 2 4
4 0 2 4 1
3 0 2 4 3
1818 0 3
7 0 3 4
1868 0 4
12 0 4 3
2 1
1 3
1 4
49477 1
987 1 0
9 1 0 3
57 1 0 4
1 1 0 4 2
229 1 2
1 1 2 4
47543 1 3
16 1 3 0
36 1 3 2
266 1 3 4
1586 1 4
4 1 4 3
2 3
89 4
10 4 0
14 4 3
171 4
63181 4 0
56 4 0 1
407 4 0 2
1 4 0 2 1
3 4 0 2 3
3302 4 0 3
3 4 0 3 1
31885 4 1
51 4 1 0
116 4 1 2
300 4 1 3
642 4 3
1 4 3 2
1
84784 0
111 0 1
240 0 1 2
2 0 1 2 3
1 0 1 2 4
3 0 1 3
2591 0 2
5 0 2 1
3343 0 2 3
1 0 2 3 1
31 0 2 3 4
66 0 2 4
1 0 2 4 3
3943 0 3
4 0 3 1
22 0 3 4
2733 0 4
10 0 4 1
2522 0 4 3
1 0 4 3 1
8 0 4 3 2
13 1
6 4
2
78561 0
41 0 1
1 0 1 3
12021 0 2
28 0 2 1
194 0 2 3
301 0 2 4
1 0 2 4 3
6832 0 3
2 0 3 1
9 0 3 2
85 0 3 4
2270 0 4
3 0 4 2
12 0 4 3
651 1
7 1 2
2 1 3
15 1 4
34 4
5 4 3
84487 0
344 0 1
32 0 1 3
2 0 1 4
558 0 2
15 0 2 3
851 0 2 4
7 0 2 4 3
6935 0 3
10 0 3 1
13 0 3 2
2 0 3 2 4
63 0 3 4
6782 0 4
50 0 4 1
10 0 4 2
481 0 4 3
1 0 4 3 1
265 1
1 1 3
8 1 4
2 3
4 4
4503 0
1 0 1
4 0 2
2407 0 3
1 0 3 1
3 0 3 2
14 0 3 4
47 0 4
60778 1
599 1 0
4 1 0 3
2 1 0 4
655 1 2
3 1 2 3
3 1 2 4
20923 1 3
10 1 3 0
5 1 3 2
134 1 3 4
10314 1 4
6 1 4 0
24 1 4 2
99 1 4 3
21 4
1
87156 0
104 0 1
2 0 1 3
3986 0 2
17 0 2 1
100 0 2 3
1 0 2 3 4
111 0 2 4
1 0 2 4 3
6043 0 3
13 0 3 1
2 0 3 2
119 0 3 4
2503 0 4
2 0 4 1
1 0 4 2
20 0 4 3
1 1
26 4
77252 0
104 0 1
1 0 1 3
102 0 2
20587 0 3
12 0 3 1
1 0 3 1 2
159 0 3 2
2 0 3 2 4
559 0 3 4
1 0 3 4 1
1 0 3 4 2
1732 0 4
1 0 4 2
9 0 4 3
10 1
4 1 0
1 1 2
7 4
1
171 4
93451 4 0
424 4 0 1
1 4 0 1 3
411 4 0 2
1 4 0 2 1
2 4 0 2 3
3158 4 0 3
18 4 0 3 1
1 4 0 3 2
2 4 1
2727 4 3
6 4 3 0
2 4 3 2
3
44497 0
42 0 1
1879 0 2
7 0 2 1
20 0 2 3
32 0 2 4
6765 0 3
5 0 3 1
1 0 3 2
297 0 3 4
1051 0 4
2 0 4 3
36051 1
264 1 0
1 1 0 2
5 1 0 3
5 1 0 4
1180 1 2
27 1 2 3
18 1 2 4
5378 1 3
6 1 3 0
2 1 3 2
52 1 3 4
2871 1 4
3 1 4 2
23 1 4 3
2 3
2 4
2
75265 0
42 0 1
1 0 1 3
12719 0 2
11 0 2 1
344 0 2 3
2 0 2 3 4
155 0 2 4
3114 0 3
1 0 3 1
61 0 3 4
3611 0 4
2 0 4 1
83 0 4 2
73 0 4 3
3991 1
5 1 0
8 1 2
735 1 3
11 1 3 4
80 1 4
8 3 4
45 4
68 4 0
4 4 1
15 4 3
63514 1
209 1 0
2 1 0 3
1 1 0 4
325 1 2
30916 1 3
96 1 3 0
30 1 3 2
300 1 3 4
4266 1 4
101 1 4 0
4 1 4 2
33 1 4 3
98 4
144 4 0
3 4 0 3
2 4 3
2
83747 0
171 0 1
4 0 1 3
4564 0 2
6 0 2 1
298 0 2 3
2 0 2 3 1
1 0 2 3 4
71 0 2 4
2 0 2 4 1
5934 0 3
3 0 3 1
3 0 3 2
318 0 3 4
5227 0 4
2 0 4 1
8 0 4 2
82 0 4 3
1 3
29 4
1 4 3
3
85823 0
234 0 1
2 0 1 4
350 0 2
4 0 2 3
37 0 2 4
9682 0 3
11 0 3 1
18 0 3 2
75 0 3 4
3808 0 4
2 0 4 1
2 0 4 2
74 0 4 3
2 1
11 1 3
4 3
7 4
1
58986 1
1119 1 0
7 1 0 3
17 1 0 4
1144 1 2
3 1 2 3
27 1 2 4
28116 1 3
63 1 3 0
1 1 3 0 4
13 1 3 2
217 1 3 4
3 1 3 4 0
10505 1 4
12 1 4 0
13 1 4 2
117 1 4 3
1 3
75 4
15 4 3
1
84758 0
63 0 1
2 0 1 4
5794 0 2
16 0 2 1
952 0 2 3
80 0 2 3 1
7 0 2 3 4
96 0 2 4
6132 0 3
2 0 3 1
9 0 3 2
125 0 3 4
2090 0 4
23 0 4 3
7 0
57428 1
97 1 0
9959 1 2
2923 1 2 0
20 1 2 0 3
31 1 2 0 4
196 1 2 3
2150 1 2 4
30 1 2 4 0
111 1 2 4 3
1 1 2 4 3 0
16466 1 3
8 1 3 0
9 1 3 2
165 1 3 4
10425 1 4
63 1 4 0
33 1 4 2
109 1 4 3
70 4
7 4 3
2
82084 0
203 0 1
14 0 1 3
1 0 1 4
10794 0 2
316 0 2 1
3 0 2 1 3
1 0 2 1 4
451 0 2 3
16 0 2 3 1
2 0 2 3 4
177 0 2 4
1 0 2 4 1
1 0 2 4 3
1747 0 3
2 0 3 1
2 0 3 2
11 0 3 4
4610 0 4
10 0 4 1
2 0 4 1 3
19 0 4 2
121 0 4 3
22 4
1
59537 1
501 1 0
1 1 0 2
3 1 0 3
2 1 0 4
240 1 2
1 1 2 3
26769 1 3
32 1 3 0
34 1 3 2
206 1 3 4
12790 1 4
6 1 4 0
4 1 4 2
128 1 4 3
2 3
1 3 4
29 4
2
22517 0
14 0 1
14 0 2
1 0 2 3
1237 0 3
22 0 3 4
1247 0 4
1 0 4 2
9 0 4 3
46128 1
843 1 0
8 1 0 3
33 1 0 4
47 1 2
1 1 2 3
1 1 2 4
13964 1 3
13 1 3 0
14 1 3 2
101 1 3 4
2 1 3 4 2
13659 1 4
20 1 4 0
34 1 4 2
169 1 4 3
33 4
1 4 1
1 4 3
73921 0
122 0 1
4 0 1 4
6758 0 2
13 0 2 1
55 0 2 3
1 0 2 3 4
100 0 2 4
3 0 2 4 3
5992 0 3
77 0 3 2
4 0 3 2 4
55 0 3 4
1727 0 4
2 0 4 1
20 0 4 3
8622 1
31 1 0
24 1 2
1028 1 3
1 1 3 0
1 1 3 2
14 1 3 4
1899 1 4
1 1 4 0
1 1 4 2
22 1 4 3
1 3
36 4
1 4 3
76447 0
332 0 1
4 0 1 3
5 0 1 4
228 0 2
191 0 2 3
1 0 2 3 4
4 0 2 4
9954 0 3
11 0 3 1
14 0 3 2
110 0 3 4
1384 0 4
1 0 4 2
34 0 4 3
9696 1
23 1 0
184 1 2
1 1 2 4
1856 1 3
24 1 3 4
430 1 4
4 4
1
78774 0
95 0 1
3594 0 2
2 0 2 1
270 0 2 3
3 0 2 3 4
38 0 2 4
5947 0 3
3 0 3 1
6 0 3 2
85 0 3 4
3676 0 4
1 0 4 1
9 0 4 2
751 0 4 3
6905 1
264 1 0
4 1 0 3
11 1 0 4 3
6 1 2
106 1 3
2 1 3 4
203 1 4
1 1 4 3
1 3
26 4
1 4 3
1
57182 1
10169 1 0
119 1 0 2
1 1 0 2 3
120 1 0 3
1 1 0 3 4
1274 1 0 4
11 1 0 4 2
26 1 0 4 3
499 1 2
1 1 2 3
3 1 2 4
24685 1 3
16 1 3 0
14 1 3 2
184 1 3 4
6199 1 4
7 1 4 0
20 1 4 2
77 1 4 3
39 4
1 4 3
2
76896 0
207 0 1
1 0 1 3
2 0 1 4
558 0 2
17 0 2 3
9 0 2 4
5637 0 3
103 0 3 2
1 0 3 2 4
66 0 3 4
15981 0 4
452 0 4 1
3 0 4 1 2
2 0 4 1 3
10 0 4 2
269 0 4 3
24 1
46 4
1 4 0
3 4 3
81232 0
127 0 1
20 0 1 4
1456 0 2
32 0 2 3
126 0 2 4
9134 0 3
11 0 3 1
10 0 3 2
94 0 3 4
6565 0 4
12 0 4 1
84 0 4 3
1678 1
1 1 2
14 1 3
34 1 4
18 4
1
69516 0
131 0 1
13142 0 2
42 0 2 1
1 0 2 1 3
288 0 2 3
8 0 2 3 4
344 0 2 4
3 0 2 4 3
16045 0 3
14 0 3 1
19 0 3 2
291 0 3 4
1201 0 4
1 0 4 1
8 0 4 2
4 0 4 3
12 4
1 4 3
50305 1
313 1 0
5 1 0 3
8 1 0 4
1373 1 2
2 1 2 0
9 1 2 3
92 1 2 4
25444 1 3
37 1 3 0
29 1 3 2
165 1 3 4
22285 1 4
15 1 4 0
50 1 4 2
2 1 4 2 3
365 1 4 3
1 1 4 3 0
1 3
7 4
2
5 0
43704 1
71 1 0
1073 1 2
3 1 2 0
51 1 2 3
8 1 2 4
42806 1 3
93 1 3 0
77 1 3 2
3 1 3 2 4
292 1 3 4
10808 1 4
1512 1 4 0
15 1 4 0 3
5 1 4 2
101 1 4 3
37 4
1 4 3
1
53163 1
257 1 0
2 1 0 3
4 1 0 4
105 1 2
7168 1 3
13 1 3 0
4 1 3 2
74 1 3 4
8571 1 4
551 1 4 0
3 1 4 0 3
28183 1 4 2
234 1 4 2 0
1 1 4 2 0 3
2070 1 4 2 3
1 1 4 2 3 0
89 1 4 3
5 4
86895 0
788 0 1
33 0 1 3
191 0 1 4
2 0 1 4 3
1659 0 2
2 0 2 1
5 0 2 3
190 0 2 4
2 0 2 4 3
8056 0 3
10 0 3 1
9 0 3 2
126 0 3 4
2669 0 4
2 0 4 1
1 0 4 2
27 0 4 3
2 3
16 4
2 4 3
2
97 0
49 0 2
1 0 3
95520 0 4
213 0 4 1
1 0 4 1 2
1 0 4 1 3
2659 0 4 2
1 0 4 2 1
11 0 4 2 3
1867 0 4 3
42 4
4 4 3
4
68416 0
47 0 1
1 0 1 3
513 0 2
158 0 2 1
2 0 2 1 3
26 0 2 3
3 0 2 4
7928 0 3
3 0 3 1
7 0 3 2
1 0 3 2 4
143 0 3 4
1677 0 4
2 0 4 1
19 0 4 3
19874 1
61 1 0
1 1 0 3
2 1 0 4
28 1 2
3 1 2 3
434 1 3
1149 1 4
1 1 4 0
1 1 4 2
6 4
1
56627 1
98 1 0
1 1 0 3
1320 1 2
26 1 2 3
11 1 2 4
38404 1 3
54 1 3 0
9 1 3 2
213 1 3 4
3522 1 4
3 1 4 0
3 1 4 2
24 1 4 3
1 3
3 4
18 0
53316 1
185 1 0
2 1 0 4
267 1 2
3 1 2 4
43730 1 3
34 1 3 0
39 1 3 2
222 1 3 4
2742 1 4
31 1 4 3
2 3
92 4
86 4 0
29 4 3
3831 0
173 0 3
321 0 4
4 0 4 1
1 0 4 3
42316 1
100 1 0
209 1 2
1 1 2 3
4 1 2 4
46536 1 3
39 1 3 0
3 1 3 0 4
33 1 3 2
265 1 3 4
6560 1 4
3 1 4 0
13 1 4 2
58 1 4 3
1 1 4 3 2
12 4
85405 0
182 0 1
1 0 1 3
9 0 1 4
283 0 2
4 0 2 3
9813 0 3
10 0 3 1
9 0 3 2
129 0 3 4
2962 0 4
385 0 4 1
9 0 4 1 3
1 0 4 2
35 0 4 3
1660 1
15 1 0
28 1 3
110 1 4
16 4
1
61891 0
110 0 1
113 0 2
1 0 2 4
8620 0 3
14 0 3 1
20 0 3 2
114 0 3 4
2541 0 4
1 0 4 1
1 0 4 2
42 0 4 3
18295 1
40 1 0
94 1 2
2 1 2 3
1 1 2 4
7162 1 3
48 1 3 0
2 1 3 2
49 1 3 4
1402 1 4
4 1 4 0
18 1 4 3
6 3
39 4
2 4 0
1
86092 0
297 0 1
17 0 1 3
1 0 1 4
1095 0 2
8 0 2 3
15 0 2 4
7004 0 3
2 0 3 1
18 0 3 2
55 0 3 4
5830 0 4
3 0 4 1
10 0 4 2
195 0 4 3
2 0 4 3 1
1 4
1
88273 0
65 0 1
1 0 1 3
688 0 2
3 0 2 3
3 0 2 4
6449 0 3
2 0 3 1
7 0 3 2
83 0 3 4
4549 0 4
3 0 4 1
20 0 4 2
1 0 4 2 3
548 0 4 3
19 4
3
54273 1
140 1 0
3 1 0 4
162 1 2
14 1 2 3
39216 1 3
37 1 3 0
233 1 3 2
6 1 3 2 0
1 1 3 2 4
422 1 3 4
5506 1 4
5 1 4 0
1 1 4 0 3
20 1 4 2
58 1 4 3
13 4
3 4 3
61617 1
1716 1 0
46 1 0 3
11 1 0 4
941 1 2
1 1 2 0
3 1 2 3
103 1 2 4
26247 1 3
18 1 3 0
19 1 3 2
228 1 3 4
9414 1 4
3 1 4 0
21 1 4 2
1 1 4 2 3
48 1 4 3
2 4
1
85552 0
359 0 1
171 0 2
3 0 2 3
2 0 2 4
7141 0 3
5 0 3 1
83 0 3 2
6 0 3 2 4
172 0 3 4
6260 0 4
12 0 4 1
14 0 4 2
1 0 4 2 3
359 0 4 3
4 1
8 4
1 4 3
71365 0
291 0 1
2 0 1 3
2 0 1 4
5529 0 2
4 0 2 1
171 0 2 3
1 0 2 3 4
75 0 2 4
6984 0 3
7 0 3 1
16 0 3 2
159 0 3 4
2691 0 4
1 0 4 1
56 0 4 3
9435 1
3 1 0
9 1 2
1435 1 3
1 1 3 0
10 1 3 2
4 1 3 4
379 1 4
2 1 4 0
4 1 4 3
1 3
14 3 4
147 4
710 4 0
3 4 0 3
9 4 1
822 4 3
2 4 3 1
1 4 3 2
1
2 0
53214 1
287 1 0
3 1 0 3
7 1 0 4
1471 1 2
1 1 2 0
5 1 2 3
7 1 2 4
41584 1 3
23 1 3 0
1 1 3 0 4
42 1 3 2
274 1 3 4
3496 1 4
3 1 4 2
88 1 4 3
16 4
1
79110 0
134 0 1
1 0 1 3
3 0 1 4
1401 0 2
7 0 2 1
18 0 2 3
99 0 2 4
6956 0 3
2 0 3 1
7 0 3 2
788 0 3 4
1 0 3 4 1
10935 0 4
155 0 4 1
2 0 4 1 3
188 0 4 2
228 0 4 3
2 3
28 4
2 4 3
1
63831 1
757 1 0
2 1 0 2
17 1 0 3
51 1 0 4
1 1 0 4 3
365 1 2
23943 1 3
13 1 3 0
17 1 3 2
128 1 3 4
5803 1 4
5 1 4 0
3 1 4 2
41 1 4 3
1 3
1 3 4
79 4
3375 4 0
2174 4 0 3
2 4 0 3 2
2 4 3
8398 0
1 0 1
1094 0 2
3 0 2 1
13 0 2 3
2 0 2 4
378 0 3
1 0 3 4
1904 0 4
1 0 4 1
29 0 4 3
50678 1
234 1 0
3 1 0 4
4712 1 2
5 1 2 0
85 1 2 3
277 1 2 4
81 1 2 4 0
6 1 2 4 3
20608 1 3
38 1 3 0
20 1 3 2
134 1 3 4
11080 1 4
2 1 4 0
8 1 4 2
322 1 4 3
1 3
51 4
1 4 1
6 4 3
80881 0
72 0 1
9319 0 2
120 0 2 1
1 0 2 1 3
2 0 2 1 4
129 0 2 3
660 0 2 4
8 0 2 4 3
2413 0 3
1 0 3 2
7 0 3 4
5035 0 4
16 0 4 1
7 0 4 2
62 0 4 3
6 1
145 4
258 4 0
2 4 0 3
2 4 1
1152 4 3
4 4 3 0
87603 0
133 0 1
1 0 1 3
5493 0 2
1 0 2 1
96 0 2 3
1 0 2 3 1
215 0 2 4
1 0 2 4 3
3934 0 3
2 0 3 1
8 0 3 2
31 0 3 4
2461 0 4
4 0 4 1
1 0 4 2
26 0 4 3
102 1
3 3
120 4
233 4 3
1
14 0
59646 1
901 1 0
65 1 0 3
20 1 0 4
428 1 2
1 1 2 3
9 1 2 4
33455 1 3
48 1 3 0
1 1 3 0 4
26 1 3 2
2 1 3 2 4
258 1 3 4
1 1 3 4 0
5295 1 4
6 1 4 0
1 1 4 2
23 1 4 3
6 4
1 4 2
1
1 0
34797 1
91 1 0
107 1 2
2311 1 3
13 1 3 4
5 1 3 4 2
45242 1 4
17168 1 4 0
146 1 4 0 2
1 1 4 0 2 3
172 1 4 0 3
117 1 4 2
537 1 4 3
39 4
6 4 1
1
82893 0
168 0 1
3 0 1 3
1 0 1 4
394 0 2
2 0 2 1
3 0 2 3
1 0 2 4
15528 0 3
12 0 3 1
1 0 3 1 4
58 0 3 2
317 0 3 4
1150 0 4
4 0 4 3
18 1
129 4
1 4 1
10 4 3
86753 0
58 0 1
582 0 2
18 0 2 3
1 0 2 4
8044 0 3
1 0 3 2
66 0 3 4
2891 0 4
3 0 4 2
1099 0 4 3
2 0 4 3 1
505 1
13 1 3
4 1 4
4 3 0
109 4
1 4 1
653 4 3
10 4 3 0
2
64007 1
611 1 0
12 1 0 3
107 1 0 4
2699 1 2
18 1 2 0
76 1 2 3
167 1 2 4
1 1 2 4 3
24593 1 3
62 1 3 0
39 1 3 2
1 1 3 2 4
165 1 3 4
6738 1 4
798 1 4 0
15 1 4 0 3
3 1 4 2
71 1 4 3
2 4
1
22218 0
16 0 1
28 0 2
1 0 2 3
1981 0 3
202 0 3 4
1 0 3 4 2
547 0 4
2 0 4 1
1 0 4 3
45898 1
170 1 0
2 1 0 3
2 1 0 4
559 1 2
7 1 2 3
10 1 2 4
24795 1 3
14 1 3 0
44 1 3 2
133 1 3 4
3438 1 4
9 1 4 0
34 1 4 3
99 4
5 4 0
41 4 3
80194 0
263 0 1
2 0 1 3
12 0 1 4
113 0 2
3 0 2 4
4930 0 3
15 0 3 2
40 0 3 4
14886 0 4
22 0 4 1
37 0 4 2
359 0 4 3
29 4
1 4 3
