8
91930 0
74 0 1
266 0 2
1 0 2 1
5 0 2 3
1 0 2 4
5789 0 3
7 0 3 1
15 0 3 2
1 0 3 2 1
51 0 3 4
2933 0 4
1 0 4 1
20 0 4 3
129 1
3 1 3
4 3
33 4
5
89362 0
94 0 1
1 0 1 3
3195 0 2
331 0 2 1
1 0 2 1 3
45 0 2 1 4
94 0 2 3
1 0 2 3 4
85 0 2 4
1 0 2 4 1
3417 0 3
4 0 3 1
1 0 3 1 4
3 0 3 2
78 0 3 4
3393 0 4
4 0 4 2
127 0 4 3
2 3
17 4
1 4 1
1 4 3
4
79832 0
107 0 1
2170 0 2
20 0 2 3
874 0 2 4
2 0 2 4 1
1 0 2 4 3
2940 0 3
3 0 3 2
48 0 3 4
1483 0 4
10 0 4 3
11809 1
26 1 0
228 1 2
3 1 2 4
75 1 3
178 1 4
12 3
34 4
282 4 0
3 4 0 3
1 4 3
4
1 0
73709 1
525 1 0
1 1 0 3
13 1 0 4
8563 1 2
13 1 2 0
98 1 2 3
11 1 2 3 4
650 1 2 4
4 1 2 4 3
11893 1 3
12 1 3 0
255 1 3 2
130 1 3 2 4
118 1 3 4
4547 1 4
30 1 4 0
1 1 4 2
34 1 4 3
4 3
232 4
6 4 3
6
77573 0
92 0 1
4 0 1 4
4842 0 2
48 0 2 1
30 0 2 3
52 0 2 4
2257 0 3
1 0 3 1
1 0 3 2
11 0 3 4
1417 0 4
9 0 4 1
6 0 4 2
10 0 4 3
12742 1
14 1 0
1 1 0 3
4 1 2
1344 1 3
4 1 3 2
7 1 3 4
289 1 4
7 3
125 4
33 4 1
5 4 3
5
92946 0
115 0 1
11 0 1 4
810 0 2
10 0 2 3
21 0 2 4
3296 0 3
7 0 3 2
166 0 3 4
2227 0 4
7 0 4 1
12 0 4 2
37 0 4 3
341 4
1 4 0
22 4 1
64 4 3
5
93122 0
50 0 1
2277 0 2
2 0 2 1
74 0 2 3
1 0 2 3 4
24 0 2 4
2 0 2 4 3
2432 0 3
1 0 3 2
18 0 3 4
2335 0 4
3 0 4 1
53 0 4 3
2 1
5 3
1 3 0
1 3 4
190 4
2 4 3
5
86656 0
1976 0 1
21 0 1 3
24 0 1 4
2 0 1 4 3
860 0 2
86 0 2 1
4 0 2 1 3
6 0 2 3
11 0 2 4
6593 0 3
6 0 3 2
44 0 3 4
3601 0 4
1 0 4 1
4 0 4 2
61 0 4 3
356 1
3 3
11 4
5
66958 1
1182 1 0
43 1 0 2
1 1 0 2 3
1 1 0 2 4
2 1 0 3
8 1 0 4
362 1 2
1 1 2 3
3 1 2 4
1 1 2 4 3
4030 1 3
1 1 3 2
23 1 3 4
2304 1 4
3 1 4 0
14 1 4 3
1 1 4 3 2
1 3
469 4
24532 4 0
75 4 0 1
58 4 0 2
305 4 0 3
39 4 1
62 4 3
11
91499 0
100 0 1
4674 0 2
2 0 2 1
64 0 2 3
151 0 2 4
2 0 2 4 3
1973 0 3
1 0 3 2
6 0 3 4
2056 0 4
1 0 4 1
7 0 4 2
14 0 4 3
38 1
1 3
11 4
5
29 0
3 0 4
79568 1
171 1 0
1267 1 2
1 1 2 0
32 1 2 3
3 1 2 4
11644 1 3
12 1 3 0
17 1 3 2
74 1 3 4
7866 1 4
7 1 4 0
8 1 4 2
131 1 4 3
1 3
12 4
5
71763 0
63 0 1
21275 0 2
19 0 2 1
449 0 2 3
5 0 2 3 4
290 0 2 4
1 0 2 4 3
1144 0 3
5 0 3 4
3270 0 4
1 0 4 2
20 0 4 3
1215 1
1 1 0
2 1 3
14 1 4
1 1 4 3
7 3
485 4
9 4 0
104 4 1
4 4 2
222 4 3
11
93060 0
117 0 1
195 0 2
2 0 2 3
4 0 2 4
4193 0 3
1 0 3 1
3 0 3 2
231 0 3 4
2747 0 4
4 0 4 1
39 0 4 2
2 0 4 2 3
18 0 4 3
4 3
57 4
4
5951 0
9 0 1
2 0 2
96 0 3
36 0 4
57794 1
115 1 0
4 1 0 2
383 1 2
3 1 2 3
1 1 2 4
3800 1 3
2 1 3 2
8 1 3 4
4740 1 4
2 1 4 0
17 1 4 2
31 1 4 3
4 3
545 4
18488 4 0
54 4 0 1
28 4 0 2
195 4 0 3
11 4 1
7721 4 3
160 4 3 0
30 4 3 1
19 4 3 2
5
92875 0
97 0 1
2359 0 2
24 0 2 3
1 0 2 3 4
19 0 2 4
2908 0 3
1 0 3 1
2 0 3 2
28 0 3 4
1836 0 4
9 0 4 2
16 0 4 3
6 3
185 4
1 4 0
1 4 1
12 4 3
3
51566 0
120 0 1
509 0 2
6 0 2 1
5 0 2 3
10 0 2 4
3354 0 3
1 0 3 1
264 0 3 2
1 0 3 2 4
88 0 3 4
1547 0 4
1 0 4 1
268 0 4 3
39113 1
13 1 0
42 1 2
1 1 2 3
2035 1 3
1 1 3 0
2 1 3 2
15 1 3 4
1536 1 4
1 1 4 0
4 1 4 3
8 3
37 4
5
94528 0
82 0 1
1 0 1 3
462 0 2
1 0 2 1
2 0 2 3
12 0 2 4
2488 0 3
5 0 3 1
5 0 3 2
17 0 3 4
2685 0 4
3 0 4 1
26 0 4 3
18 3
3 3 4
74 4
2 4 2
1 4 3
3
569 0
6 0 2
4 0 3
344 0 4
2 0 4 2
3 0 4 3
76901 1
471 1 0
1 1 0 2
1 1 0 3
10 1 0 4
564 1 2
1 1 2 0
1 1 2 3
7 1 2 4
17225 1 3
30 1 3 0
45 1 3 2
212 1 3 4
4205 1 4
1 1 4 0
3 1 4 2
25 1 4 3
2 4
3
811 1
12 1 3
5 1 4
717 4
84 4 0
2 4 0 1
1 4 0 3
96608 4 1
321 4 1 0
8 4 1 0 3
212 4 1 2
1 4 1 2 3
1450 4 1 3
1 4 2
498 4 3
6
93984 0
66 0 1
92 0 2
2663 0 3
3 0 3 2
26 0 3 4
3192 0 4
4 0 4 1
5 0 4 2
205 0 4 3
1 0 4 3 1
3 3
13 4
8
92685 0
134 0 1
1 0 1 3
1 0 1 4
1195 0 2
1 0 2 1
30 0 2 3
119 0 2 4
2 0 2 4 3
2169 0 3
71 0 3 2
35 0 3 4
3395 0 4
573 0 4 3
1 0 4 3 1
1 3
75 4
1 4 3
8
90123 0
263 0 1
2 0 1 3
1 0 1 4
106 0 2
2 0 2 4
6394 0 3
3 0 3 1
5 0 3 2
51 0 3 4
2976 0 4
3 0 4 1
2 0 4 2
31 0 4 3
584 1
2 1 3
1 1 4
12 3
2 3 0
3 3 4
79 4
1 4 3
8
84588 0
3976 0 1
5 0 1 2
29 0 1 3
72 0 1 4
388 0 2
2 0 2 3
3674 0 3
2 0 3 1
6 0 3 2
35 0 3 4
2023 0 4
2 0 4 1
18 0 4 3
4898 1
3 1 0
13 1 2
32 1 3
428 1 4
1 3
34 4
3
90 0
1 0 4
84171 1
2471 1 0
4 1 0 2
304 1 0 3
6 1 0 3 4
76 1 0 4
256 1 2
2 1 2 3
4 1 2 4
9522 1 3
10 1 3 0
24 1 3 2
74 1 3 4
3668 1 4
1 1 4 0
44 1 4 3
5 3
10 4
7
64270 1
20454 1 0
40 1 0 2
470 1 0 3
5 1 0 3 4
1983 1 0 4
1 1 0 4 2
4 1 0 4 3
1455 1 2
31 1 2 0
16 1 2 3
4 1 2 4
7213 1 3
4 1 3 0
2 1 3 2
67 1 3 4
2749 1 4
1 1 4 0
1 1 4 2
25 1 4 3
14 3
2 3 4
232 4
7 4 1
1352 4 3
10 4 3 0
1 4 3 2
9
7320 0
2 0 1
4 0 2
269 0 3
61 0 4
68516 1
6907 1 0
12 1 0 2
68 1 0 3
8724 1 0 4
28 1 0 4 2
58 1 0 4 3
284 1 2
18 1 2 3
1 1 2 3 0
6 1 2 4
5496 1 3
1 1 3 0
1 1 3 2
53 1 3 4
2344 1 4
7 1 4 0
94 1 4 3
1 3
15 4
3
81104 0
114 0 1
1 0 1 4
994 0 2
3 0 2 1
64 0 2 3
12 0 2 4
4252 0 3
2 0 3 1
42 0 3 4
1245 0 4
1 0 4 1
245 0 4 2
1 0 4 2 3
5 0 4 3
11475 1
12 1 0
5 1 2
587 1 3
1 1 3 4
89 1 4
2 1 4 3
5 3
222 4
1 4 1
19 4 3
8
93973 0
257 0 1
4 0 1 3
1182 0 2
2 0 2 1
8 0 2 3
20 0 2 4
2763 0 3
3 0 3 2
25 0 3 4
2110 0 4
1 0 4 2
21 0 4 3
1 3
59 4
1 4 0
1 4 3
1
61473 0
63 0 1
1 0 1 4
209 0 2
1 0 2 3
1 0 2 4
25451 0 3
15 0 3 1
32 0 3 2
1210 0 3 4
1 0 3 4 2
944 0 4
3 0 4 3
5586 1
15 1 0
1 1 2
43 1 3
70 1 4
8 3
380 4
2 4 0
4536 4 1
8 4 1 0
4 4 1 2
118 4 1 3
20 4 3
1
87625 0
49 0 1
201 0 2
1 0 2 4
8475 0 3
6 0 3 1
21 0 3 2
134 0 3 4
1188 0 4
9 0 4 3
2492 1
60 1 3
75 1 4
1 3
24 4
7
93890 0
120 0 1
6 0 1 3
2 0 1 4
1105 0 2
14 0 2 3
19 0 2 4
2639 0 3
8 0 3 2
21 0 3 4
2552 0 4
9 0 4 1
19 0 4 2
57 0 4 3
1 1
1 3
1 4
3
89896 0
589 0 1
7 0 1 3
146 0 1 4
3 0 1 4 3
568 0 2
3 0 2 1
3 0 2 3
5 0 2 4
3560 0 3
4 0 3 2
32 0 3 4
1648 0 4
4 0 4 2
12 0 4 3
3141 1
2 1 0
4 1 2
120 1 3
40 1 4
4 3
1 3 1
321 4
5 4 1
94 4 3
6
91651 0
237 0 1
3 0 1 4
324 0 2
5 0 2 4
3895 0 3
2 0 3 1
2 0 3 2
32 0 3 4
4052 0 4
1 0 4 1
18 0 4 2
51 0 4 3
3 3
75 4
7 4 3
5
91042 0
97 0 1
5119 0 2
4 0 2 1
49 0 2 3
1 0 2 3 1
128 0 2 4
1771 0 3
3 0 3 2
8 0 3 4
2322 0 4
28 0 4 3
59 4
1 4 3
9
79724 1
692 1 0
10 1 0 3
2 1 0 3 2
28 1 0 4
1647 1 2
11 1 2 0
119 1 2 3
6 1 2 4
10298 1 3
11 1 3 0
11 1 3 2
62 1 3 4
7837 1 4
7 1 4 0
23 1 4 2
103 1 4 3
2 4
7
83260 1
231 1 0
437 1 2
4 1 2 3
4 1 2 4
11529 1 3
10 1 3 0
1 1 3 0 4
25 1 3 2
91 1 3 4
4382 1 4
3 1 4 0
13 1 4 2
23 1 4 3
4 3
268 4
59 4 0
42 4 3
3
2 0
76098 1
99 1 0
7 1 0 3
191 1 2
16395 1 3
7 1 3 0
6 1 3 2
116 1 3 4
7222 1 4
5 1 4 0
4 1 4 2
43 1 4 3
4 3
1 3 4
249 4
99 4 3
8
93435 0
88 0 1
4 0 1 4
167 0 2
3 0 2 4
4325 0 3
4 0 3 2
58 0 3 4
2397 0 4
1 0 4 1
41 0 4 3
1 3
33 4
1 4 3
5
91354 0
122 0 1
1 0 1 3
464 0 2
28 0 2 3
5 0 2 4
3642 0 3
2 0 3 1
3 0 3 2
50 0 3 4
1611 0 4
1 0 4 1
7 0 4 3
2688 1
1 1 0
10 1 2
34 1 3
44 1 4
3 3
76 4
6
4137 0
29 0 1
1 0 1 3
222 0 3
2 0 3 4
256 0 4
2 0 4 3
74885 1
614 1 0
2 1 0 2
2 1 0 3
2 1 0 4
2734 1 2
8 1 2 0
54 1 2 3
1 1 2 3 0
1 1 2 3 4
1070 1 2 4
1 1 2 4 0
9 1 2 4 3
11769 1 3
31 1 3 0
23 1 3 2
123 1 3 4
3907 1 4
43 1 4 0
1 1 4 2
29 1 4 3
340 4
1 4 0
209 4 1
1 4 1 3
1 4 2
45 4 3
1 4 3 2
5
82941 0
81 0 1
1656 0 2
134 0 2 1
6 0 2 1 4
47 0 2 3
27 0 2 4
2659 0 3
2 0 3 2
45 0 3 4
1605 0 4
2 0 4 1
3 0 4 2
7 0 4 3
10912 1
7 1 0
2 1 2
205 1 3
1 1 3 2
73 1 4
1 1 4 3
10 3
109 4
1 4 1
1 4 3
8
92078 0
89 0 1
1 0 1 3
2183 0 2
32 0 2 1
18 0 2 3
40 0 2 4
3594 0 3
3 0 3 1
11 0 3 2
54 0 3 4
10 0 3 4 2
1550 0 4
25 0 4 3
833 1
1 1 0
5 1 3
14 1 4
19 4
10
90627 0
517 0 1
2 0 1 3
5341 0 2
14 0 2 1
80 0 2 3
2 0 2 3 4
358 0 2 4
1497 0 3
10 0 3 4
1764 0 4
12 0 4 3
3 1
3 3
7 4
74736 1
816 1 0
3 1 0 3
38 1 0 4
1 1 0 4 2
310 1 2
1 1 2 4
22061 1 3
7 1 3 0
12 1 3 2
151 1 3 4
1758 1 4
6 1 4 3
3 3
1 3 1
368 4
26 4 0
36 4 3
1
1 3
677 4
57077 4 0
46 4 0 1
168 4 0 2
1732 4 0 3
2 4 0 3 1
38570 4 1
51 4 1 0
83 4 1 2
1 4 1 2 0
334 4 1 3
1887 4 3
4 4 3 0
4 4 3 1
4 4 3 2
5
92312 0
124 0 1
242 0 1 2
3 0 1 3
1145 0 2
1 0 2 1
1055 0 2 3
3 0 2 3 1
6 0 2 3 4
26 0 2 4
1 0 2 4 3
2171 0 3
2 0 3 1
1 0 3 2
8 0 3 4
2510 0 4
3 0 4 2
933 0 4 3
2 0 4 3 2
74 1
1 1 4
5 3
1 3 4
37 4
3
88000 0
64 0 1
1 0 1 4
4461 0 2
9 0 2 1
52 0 2 3
1 0 2 3 1
83 0 2 4
4194 0 3
1 0 3 1
8 0 3 2
48 0 3 4
2176 0 4
1 0 4 1
4 0 4 2
10 0 4 3
1234 1
10 1 2
8 1 3
26 1 4
151 4
3 4 0
11 4 3
3
90371 0
496 0 1
23 0 1 3
319 0 2
6 0 2 3
234 0 2 4
3 0 2 4 3
3145 0 3
3 0 3 1
7 0 3 2
27 0 3 4
4455 0 4
18 0 4 1
3 0 4 2
148 0 4 3
740 1
7 1 3
5 1 4
15 3
29 4
5
3109 0
8 0 2
923 0 3
1 0 3 2
9 0 3 4
28 0 4
79839 1
317 1 0
1 1 0 4
467 1 2
4 1 2 3
1 1 2 4
8826 1 3
4 1 3 0
3 1 3 2
53 1 3 4
6498 1 4
6 1 4 0
8 1 4 2
51 1 4 3
3 3
76 4
6
93753 0
124 0 1
1 0 1 3
1314 0 2
3 0 2 1
23 0 2 3
37 0 2 4
1 0 2 4 3
2892 0 3
11 0 3 1
1 0 3 2
25 0 3 4
2219 0 4
6 0 4 1
1 0 4 2
10 0 4 3
1 1
3 3
100 4
2 4 3
4
87781 0
114 0 1
83 0 2
1 0 2 4
10407 0 3
7 0 3 1
42 0 3 2
266 0 3 4
1626 0 4
2 0 4 1
1 0 4 2
5 0 4 3
40 1
4 1 0
1 1 2
1 3
50 4
1 4 3
3
1 3
571 4
90018 4 0
381 4 0 1
2 4 0 1 3
171 4 0 2
1380 4 0 3
2 4 0 3 1
3 4 1
7492 4 3
16 4 3 0
4 4 3 1
14 4 3 2
9
34757 0
18 0 1
692 0 2
2 0 2 1
8 0 2 3
12 0 2 4
2459 0 3
3 0 3 1
1 0 3 2
96 0 3 4
657 0 4
2 0 4 3
55130 1
180 1 0
5 1 0 3
940 1 2
11 1 2 3
7 1 2 4
2856 1 3
2 1 3 0
2 1 3 2
17 1 3 4
2714 1 4
1 1 4 0
1 1 4 2
11 1 4 3
3 3
10 4
1
82684 0
82 0 1
1 0 1 2
5606 0 2
8 0 2 1
101 0 2 3
3 0 2 3 4
39 0 2 4
1767 0 3
3 0 3 1
2 0 3 2
24 0 3 4
2480 0 4
3 0 4 1
21 0 4 2
37 0 4 3
6959 1
2 1 0
14 1 2
577 1 3
9 1 3 4
87 1 4
16 3
22 3 4
199 4
141 4 0
1 4 0 2
8 4 1
1 4 2
41 4 3
5
83512 1
129 1 0
1 1 0 3
293 1 2
13263 1 3
30 1 3 0
13 1 3 2
135 1 3 4
3083 1 4
47 1 4 0
2 1 4 2
16 1 4 3
380 4
115 4 0
1 4 2
14 4 3
5
91418 0
133 0 1
2 0 1 3
1346 0 2
3 0 2 1
54 0 2 3
18 0 2 4
3116 0 3
2 0 3 1
1 0 3 2
119 0 3 4
1 0 3 4 1
3942 0 4
5 0 4 1
1 0 4 2
49 0 4 3
2 3
134 4
1 4 1
2 4 3
3
92782 0
209 0 1
1 0 1 4
211 0 2
1 0 2 3
5 0 2 4
4031 0 3
2 0 3 1
6 0 3 2
17 0 3 4
3201 0 4
2 0 4 1
4 0 4 2
38 0 4 3
2 1
28 1 3
1 3
32 4
5
2 0
79615 1
715 1 0
6 1 0 3
3 1 0 4
585 1 2
1 1 2 0
5 1 2 4
12195 1 3
18 1 3 0
5 1 3 2
99 1 3 4
1 1 3 4 0
6458 1 4
6 1 4 0
6 1 4 2
66 1 4 3
2 3
287 4
4 4 0
1 4 2
32 4 3
6
92980 0
72 0 1
2228 0 2
4 0 2 1
224 0 2 3
8 0 2 3 1
1 0 2 3 4
43 0 2 4
1 0 2 4 3
3307 0 3
2 0 3 1
9 0 3 2
49 0 3 4
1755 0 4
2 0 4 2
8 0 4 3
1 3
2 4
4
41 0
78666 1
166 1 0
1 1 0 4
5184 1 2
814 1 2 0
1 1 2 0 3
11 1 2 0 4
84 1 2 3
944 1 2 4
7 1 2 4 0
36 1 2 4 3
7416 1 3
3 1 3 2
72 1 3 4
6205 1 4
29 1 4 0
26 1 4 2
51 1 4 3
291 4
1 4 1
6 4 3
6
91000 0
166 0 1
7 0 1 3
4112 0 2
82 0 2 1
1 0 2 1 4
105 0 2 3
4 0 2 3 1
3 0 2 3 4
55 0 2 4
1320 0 3
1 0 3 1
1 0 3 4
3675 0 4
6 0 4 1
8 0 4 2
42 0 4 3
4 3
110 4
3 4 3
2
1 0
80446 1
400 1 0
1 1 0 3
1 1 0 4
175 1 2
1 1 2 4
11099 1 3
26 1 3 0
14 1 3 2
67 1 3 4
8138 1 4
2 1 4 0
8 1 4 2
51 1 4 3
9 3
111 4
1 4 2
3 4 3
6
14088 0
8 0 1
8 0 2
1 0 2 3
438 0 3
1 0 3 2
6 0 3 4
584 0 4
5 0 4 3
69599 1
727 1 0
3 1 0 3
17 1 0 4
60 1 2
1 1 2 3
4 1 2 4
5897 1 3
7 1 3 0
3 1 3 2
50 1 3 4
2 1 3 4 2
9048 1 4
13 1 4 0
14 1 4 2
90 1 4 3
1 3
145 4
1 4 1
2 4 3
3
74888 0
136 0 1
2610 0 2
2 0 2 1
19 0 2 3
1 0 2 3 4
32 0 2 4
1 0 2 4 3
3103 0 3
9 0 3 2
1 0 3 2 4
20 0 3 4
1528 0 4
6 0 4 1
1 0 4 2
13 0 4 3
14906 1
32 1 0
3 1 0 3
27 1 2
835 1 3
1 1 3 2
4 1 3 4
1957 1 4
1 1 4 0
18 1 4 3
2 3
148 4
3 4 3
5
75471 0
248 0 1
4 0 1 3
1 0 1 4
147 0 2
55 0 2 3
4076 0 3
1 0 3 1
2 0 3 2
29 0 3 4
1130 0 4
14 0 4 3
17041 1
24 1 0
88 1 2
1 1 2 4
1606 1 3
14 1 3 4
499 1 4
3 1 4 3
11 4
2
80653 0
97 0 1
1652 0 2
72 0 2 3
1 0 2 3 4
6 0 2 4
2896 0 3
1 0 3 2
33 0 3 4
2346 0 4
8 0 4 2
245 0 4 3
11121 1
401 1 0
9 1 0 4 3
9 1 2
160 1 3
2 1 3 4
252 1 4
3 3
77 4
1 4 1
1 4 3
4
79152 1
5688 1 0
47 1 0 2
73 1 0 3
655 1 0 4
3 1 0 4 2
9 1 0 4 3
367 1 2
3 1 2 3
2 1 2 4
10492 1 3
9 1 3 0
5 1 3 2
56 1 3 4
4107 1 4
5 1 4 0
10 1 4 2
33 1 4 3
163 4
2 4 3
3
87674 0
115 0 1
1 0 1 3
208 0 2
5 0 2 3
3 0 2 4
2569 0 3
2 0 3 1
18 0 3 2
1 0 3 2 4
24 0 3 4
9278 0 4
235 0 4 1
4 0 4 1 2
1 0 4 1 3
7 0 4 2
93 0 4 3
55 1
2 1 3
1 3
179 4
1 4 0
1 4 1
9 4 3
3
85844 0
125 0 1
1 0 1 3
29 0 1 4
610 0 2
13 0 2 3
50 0 2 4
3913 0 3
7 0 3 1
6 0 3 2
40 0 3 4
5951 0 4
11 0 4 1
2 0 4 2
57 0 4 3
3710 1
2 1 0
4 1 2
16 1 3
66 1 4
3 3
1 3 4
68 4
7
83331 0
114 0 1
5342 0 2
10 0 2 1
100 0 2 3
2 0 2 3 4
138 0 2 4
9782 0 3
7 0 3 1
13 0 3 2
146 0 3 4
1244 0 4
2 0 4 2
11 0 4 3
40 4
4
72151 1
317 1 0
3 1 0 3
8 1 0 4
849 1 2
2 1 2 3
53 1 2 4
11143 1 3
25 1 3 0
9 1 3 2
61 1 3 4
16022 1 4
9 1 4 0
25 1 4 2
1 1 4 2 3
218 1 4 3
5 3
32 4
8
12 0
67219 1
89 1 0
1173 1 2
1 1 2 0
26 1 2 3
14 1 2 4
24120 1 3
33 1 3 0
25 1 3 2
2 1 3 2 4
139 1 3 4
6993 1 4
629 1 4 0
7 1 4 0 3
7 1 4 2
72 1 4 3
3 3
144 4
3 4 3
5
74035 1
222 1 0
2 1 0 4
113 1 2
2 1 2 3
3873 1 3
3 1 3 0
1 1 3 2
35 1 3 4
7847 1 4
228 1 4 0
1 1 4 0 3
13771 1 4 2
61 1 4 2 0
575 1 4 2 3
1 1 4 2 3 0
56 1 4 3
17 4
7
93824 0
579 0 1
12 0 1 3
42 0 1 4
2 0 1 4 3
728 0 2
2 0 2 3
63 0 2 4
1 0 2 4 3
3297 0 3
3 0 3 1
3 0 3 2
34 0 3 4
2253 0 4
16 0 4 3
81 4
6 4 3
8
198 0
99 0 2
3 0 2 3
97979 0 4
153 0 4 1
956 0 4 2
2 0 4 2 3
1441 0 4 3
3 3
192 4
1 4 0
1 4 1
1 4 2
14 4 3
6
59630 0
36 0 1
1 0 1 3
178 0 2
45 0 2 1
7 0 2 3
2888 0 3
3 0 3 2
47 0 3 4
1029 0 4
1 0 4 2
3 0 4 3
34718 1
126 1 0
1 1 0 4
28 1 2
2 1 2 3
438 1 3
2 1 3 4
1148 1 4
4 1 4 3
4 3
22 4
7
78023 1
122 1 0
1 1 0 3
1169 1 2
32 1 2 3
24 1 2 4
18220 1 3
33 1 3 0
8 1 3 2
97 1 3 4
3053 1 4
2 1 4 0
5 1 4 2
14 1 4 3
3 4
2
61 0
77876 1
169 1 0
1 1 0 3
1 1 0 4
237 1 2
1 1 2 4
18515 1 3
15 1 3 0
22 1 3 2
106 1 3 4
2588 1 4
24 1 4 3
7 3
1 3 4
366 4
145 4 0
98 4 3
6
3668 0
3 0 1
94 0 3
309 0 4
4 0 4 1
66491 1
119 1 0
263 1 2
5 1 2 4
24275 1 3
20 1 3 0
1 1 3 0 4
19 1 3 2
139 1 3 4
5041 1 4
3 1 4 0
8 1 4 2
31 1 4 3
69 4
3
90286 0
131 0 1
3 0 1 4
208 0 2
3 0 2 3
4963 0 3
1 0 3 1
2 0 3 2
55 0 3 4
1 0 3 4 1
1903 0 4
136 0 4 1
1 0 4 1 3
1 0 4 2
11 0 4 3
2479 1
16 1 0
18 1 3
116 1 4
1 1 4 3
2 3
67 4
1 4 2
1 4 3
57977 0
85 0 1
89 0 2
3427 0 3
4 0 3 1
8 0 3 2
48 0 3 4
1555 0 4
32 0 4 3
31715 1
46 1 0
113 1 2
3 1 2 3
3554 1 3
47 1 3 0
2 1 3 2
26 1 3 4
1306 1 4
1 1 4 0
9 1 4 3
5 3
136 4
8 4 0
1 4 1
1 4 3
4
92410 0
244 0 1
8 0 1 3
476 0 2
5 0 2 3
4 0 2 4
3407 0 3
20 0 3 2
19 0 3 4
3746 0 4
3 0 4 1
4 0 4 2
71 0 4 3
7 4
2
94088 0
42 0 1
427 0 2
3 0 2 3
1 0 2 4
2664 0 3
2 0 3 2
30 0 3 4
2951 0 4
2 0 4 1
10 0 4 2
163 0 4 3
4 3
83 4
1 4 3
5
1 0
77244 1
110 1 0
1 1 0 4
141 1 2
11 1 2 3
18438 1 3
37 1 3 0
127 1 3 2
1 1 3 2 0
177 1 3 4
1 1 3 4 0
4575 1 4
5 1 4 0
17 1 4 2
41 1 4 3
3 3
77 4
1 4 2
3 4 3
8
1 0
81753 1
931 1 0
13 1 0 3
5 1 0 4
663 1 2
1 1 2 0
2 1 2 3
43 1 2 4
11490 1 3
5 1 3 0
11 1 3 2
102 1 3 4
5581 1 4
1 1 4 0
4 1 4 2
2 1 4 2 3
32 1 4 3
3 4
10
92093 0
330 0 1
1 0 1 4
176 0 2
5 0 2 3
2888 0 3
2 0 3 1
35 0 3 2
1 0 3 2 4
54 0 3 4
5017 0 4
8 0 4 1
117 0 4 3
1 0 4 3 2
14 1
18 4
9 4 3
6
69275 0
232 0 1
1 0 1 3
1 0 1 4
3119 0 2
3 0 2 1
45 0 2 3
21 0 2 4
3111 0 3
1 0 3 1
7 0 3 2
79 0 3 4
1836 0 4
25 0 4 3
17151 1
8 1 0
27 1 2
1182 1 3
1 1 3 0
4 1 3 2
6 1 3 4
502 1 4
2 1 4 0
1 1 4 2
3 1 4 3
9 3
39 3 4
581 4
1149 4 0
1 4 0 3
22 4 1
2250 4 3
6 4 3 1
9
2 0
77146 1
241 1 0
1 1 0 4
650 1 2
9 1 2 3
5 1 2 4
19180 1 3
7 1 3 0
1 1 3 0 4
14 1 3 2
122 1 3 4
2906 1 4
2 1 4 2
46 1 4 3
2 3
36 4
4
87780 0
132 0 1
1 0 1 3
2 0 1 4
631 0 2
6 0 2 3
28 0 2 4
3234 0 3
3 0 3 1
2 0 3 2
241 0 3 4
8077 0 4
87 0 4 1
1 0 4 1 3
103 0 4 2
115 0 4 3
1 1
101 4
14 4 3
2
83506 1
410 1 0
8 1 0 2
4 1 0 3
9 1 0 4
236 1 2
1 1 2 3
10248 1 3
4 1 3 0
5 1 3 2
67 1 3 4
4044 1 4
1 1 4 0
3 1 4 2
21 1 4 3
2 3
320 4
1815 4 0
1 4 0 2
624 4 0 3
3 4 3
4
5177 0
401 0 2
7 0 2 3
3 0 2 4
190 0 3
1 0 3 4
968 0 4
13 0 4 3
72280 1
201 1 0
1 1 0 3
3 1 0 4
3071 1 2
1 1 2 0
51 1 2 3
101 1 2 4
26 1 2 4 0
1 1 2 4 0 3
1 1 2 4 3
9398 1 3
18 1 3 0
2 1 3 2
57 1 3 4
8416 1 4
3 1 4 2
151 1 4 3
6 3
206 4
1 4 2
14 4 3
4
86209 0
64 0 1
3846 0 2
19 0 2 1
1 0 2 1 3
1 0 2 1 4
37 0 2 3
208 0 2 4
3 0 2 4 3
1731 0 3
1 0 3 1
7 0 3 4
3564 0 4
6 0 4 1
2 0 4 2
50 0 4 3
29 1
4 3
592 4
474 4 0
5 4 0 3
14 4 1
1 4 2
3348 4 3
4 4 3 0
1 4 3 1
1 4 3 2
4
93081 0
121 0 1
3 0 1 3
1917 0 2
32 0 2 3
44 0 2 4
1902 0 3
2 0 3 2
6 0 3 4
1987 0 4
11 0 4 3
196 1
2 1 4
10 3
2 3 4
544 4
1 4 0
4 4 1
1 4 2
602 4 3
6
31 0
1 0 3
80640 1
624 1 0
25 1 0 3
15 1 0 4
337 1 2
3 1 2 4
15815 1 3
22 1 3 0
11 1 3 2
1 1 3 2 4
103 1 3 4
3547 1 4
1 1 4 0
3 1 4 2
15 1 4 3
26 4
4
58451 1
107 1 0
206 1 2
1 1 2 3
2176 1 3
11 1 3 4
1 1 3 4 2
31798 1 4
6757 1 4 0
29 1 4 0 2
59 1 4 0 3
48 1 4 2
301 1 4 3
122 4
17 4 1
3 4 3
6
91550 0
137 0 1
2 0 1 3
2 0 1 4
272 0 2
1 0 2 1
1 0 2 3
6753 0 3
5 0 3 1
28 0 3 2
128 0 3 4
1020 0 4
2 0 4 2
3 0 4 3
39 1
2 1 4
1 3
401 4
2 4 1
34 4 3
2
90925 0
87 0 1
331 0 2
5 0 2 3
2 0 2 4
3723 0 3
2 0 3 2
16 0 3 4
1873 0 4
2 0 4 2
303 0 4 3
2 0 4 3 1
1 0 4 3 2
1083 1
1 1 0
2 1 2
12 1 3
7 1 4
2 3
8 3 0
500 4
1 4 1
1783 4 3
23 4 3 0
1 4 3 1
3
83326 1
535 1 0
4 1 0 3
39 1 0 4
1468 1 2
9 1 2 0
28 1 2 3
85 1 2 4
2 1 2 4 0
1 1 2 4 3
10304 1 3
39 1 3 0
1 1 3 0 4
17 1 3 2
69 1 3 4
4793 1 4
284 1 4 0
2 1 4 0 3
40 1 4 3
1 3
13 4
4
18821 0
32 0 1
1 0 1 3
18 0 2
990 0 3
77 0 3 4
374 0 4
2 0 4 3
64618 1
145 1 0
7 1 0 4
532 1 2
5 1 2 3
7 1 2 4
11633 1 3
6 1 3 0
14 1 3 2
57 1 3 4
3 1 3 4 2
2944 1 4
4 1 4 0
1 1 4 2
19 1 4 3
5 3
412 4
7 4 0
1 4 1
1 4 2
108 4 3
8
88790 0
170 0 1
3 0 1 3
2 0 1 4
108 0 2
1 0 2 3
2014 0 3
1 0 3 1
7 0 3 2
8 0 3 4
9253 0 4
9 0 4 1
18 0 4 2
154 0 4 3
8 3
131 4
4 4 0
3 4 3
