69190
26711 0
11 0 1
10 0 2
68 0 3
1 0 3 4
111 0 4
1718 1
5 1 3
3 1 4
3 2
716 3
3521 4
13 4 3
67518
28950 0
21 0 1
10 0 2
93 0 3
120 0 4
8 1
359 3
1 3 4
4346 4
1 4 0
63 4 3
69063
2089 0
1 0 1
22 0 2
3 0 3
7 0 4
17770 1
5 1 0
13 1 2
36 1 3
102 1 4
9 2
2542 3
1 3 2
3 3 4
5628 4
4507 4 0
2 4 0 2
4 4 0 3
2 4 1
1 4 2
27 4 3
69790
23 0
10072 1
1 1 0
4 1 2
37 1 3
67 1 4
6 2
934 3
20301 4
16 4 0
8 4 1
3 4 2
56 4 3
68743
11492 0
6 0 1
2 0 2
95 0 3
28 0 4
6297 1
1 1 0
3 1 2
20 1 3
32 1 4
1 2
990 3
4 3 4
13561 4
1 4 0
3 4 1
1 4 2
68 4 3
69350
13386 0
4 0 1
1 0 2
48 0 3
1 0 3 4
45 0 4
100 1
2 1 4
4 2
453 3
6 3 0
1 3 4
17685 4
9 4 0
5 4 1
5 4 2
172 4 3
69767
12393 0
2 0 1
4 0 2
44 0 3
2 0 3 2
1 0 3 4
91 0 4
109 1
1 1 3
5 2
1791 3
9 3 0
6 3 4
17048 4
8 4 1
114 4 2
50 4 3
70429
28871 0
16 0 1
4 0 2
56 0 3
112 0 4
545 1
1 1 2
1 1 3
5 2
271 3
1551 4
68231
25 0
3986 1
1 1 0
2 1 2
23 1 3
12 1 4
1 1 4 3
6 2
709 3
18 3 4
27675 4
130 4 0
28 4 1
3 4 2
119 4 3
67199
30058 0
7 0 1
8 0 2
113 0 3
2 0 3 4
71 0 4
1188 1
6 2
183 3
2533 4
1 4 0
7 4 3
68373
2672 0
1 0 2
5 0 3
9 0 4
28601 1
15 1 0
6 1 2
294 1 3
1 1 3 0
3 1 3 4
138 1 4
1 1 4 3
4 2
369 3
1513 4
1 4 0
1 4 2
2 4 3
70083
2255 0
1 0 2
9 0 3
1 0 3 2
16 0 4
654 1
1 1 2
1 1 3
2 1 4
4 2
1676 3
3 3 4
26257 4
25 4 0
40 4 1
69 4 2
237 4 3
68831
24491 0
3 0 1
5 0 2
83 0 3
67 0 4
7 1
1 2
838 3
3 3 4
6950 4
2 4 1
5 4 3
70599
480 0
2 0 3
1 0 4
494 1
1 1 2
5 1 3
3 1 4
2 2
1147 3
2 3 1
27400 4
86 4 0
14 4 1
13 4 2
1043 4 3
1 4 3 0
2 4 3 2
68928
12351 0
7 0 1
5 0 2
33 0 3
58 0 4
6 1
2 2
517 3
3 3 4
19645 4
2 4 0
8 4 1
11 4 2
46 4 3
71323
7338 0
8 0 1
3 0 2
51 0 3
23 0 4
11942 1
2 1 0
8 1 2
93 1 3
52 1 4
2 2
2709 3
13 3 4
8748 4
1 4 1
18 4 3
69752
19015 0
10 0 1
9 0 2
66 0 3
138 0 4
23 1
3 2
4176 3
36 3 4
8547 4
3 4 0
5 4 2
20 4 3
68932
1147 0
1 0 3
14 0 4
30785 1
7 1 0
19 1 2
92 1 3
1 1 3 4
73 1 4
6 2
225 3
1 3 4
945 4
4 4 3
68957
4 0
485 1
1 1 2
3 1 3
1 1 4
3 2
267 3
1 3 4
30310 4
55 4 0
696 4 1
2 4 1 3
13 4 2
410 4 3
1 4 3 0
69045
27975 0
6 0 1
5 0 2
68 0 3
132 0 4
1 0 4 3
382 1
5 2
546 3
2707 4
1 4 1
5 4 3
67907
23887 0
4 0 1
10 0 2
64 0 3
74 0 4
14 1
3 2
480 3
6 3 4
8766 4
19 4 0
14 4 2
47 4 3
69598
16299 0
5 0 1
4 0 2
32 0 3
117 0 4
1 0 4 3
2013 1
7 1 3
1 1 4
1 2
5535 3
95 3 0
1 3 1
32 3 4
7858 4
2 4 2
41 4 3
68092
24748 0
13 0 1
12 0 2
51 0 3
204 0 4
1 0 4 3
5424 1
2 1 0
19 1 3
18 1 4
511 3
2 3 4
3056 4
28 4 3
69995
2544 0
1 0 3
5 0 4
25377 1
2 1 0
9 1 2
66 1 3
149 1 4
3 2
1594 3
1 3 0
2 3 4
2261 4
1 4 1
3 4 3
69644
106 0
10458 1
101 1 0
1 1 0 2
4 1 0 4
38 1 3
48 1 4
3 2
2975 3
1 3 1
1 3 2
22 3 4
18071 4
10 4 0
98 4 1
559 4 3
67513
3393 0
9 0 2
1 0 3
3 0 4
27863 1
3 1 0
5 1 2
73 1 3
72 1 4
3 2
389 3
3 3 4
2501 4
1 4 2
2 4 3
68451
6898 0
2 0 1
7 0 2
22 0 3
37 0 4
3912 1
1 1 2
9 1 3
9 1 4
5 2
1658 3
3 3 2
2 3 4
20270 4
9 4 0
5 4 1
6 4 2
85 4 3
69309
26970 0
5 0 1
8 0 2
151 0 3
74 0 4
16 1
3 2
262 3
1 3 4
4170 4
3 4 0
29 4 3
69394
2881 0
2 0 1
17 0 3
13 0 4
1245 1
5 1 3
7 1 4
4 2
3156 3
1 3 0
27 3 1
1 3 2
2 3 4
23837 4
50 4 0
889 4 1
1 4 1 2
1 4 1 3
6 4 2
98 4 3
68457
29728 0
20 0 1
2 0 2
77 0 3
168 0 4
962 1
2 1 4
7 2
433 3
1 3 4
2304 4
7 4 3
67522
33337 0
3 0 1
5 0 2
2 0 2 4
144 0 3
121 0 4
143 1
2 2
231 3
1 3 1
493 4
69344
3475 0
8 0 1
4 0 2
20 0 3
9 0 4
2120 1
9 1 3
21 1 4
3 2
1933 3
9 3 1
3 3 2
12 3 4
23870 4
13 4 0
43 4 1
4 4 2
371 4 3
70912
21559 0
4 0 1
8 0 2
69 0 3
47 0 4
1 0 4 3
9 1
6 2
1989 3
2 3 1
2 3 4
6965 4
88 4 0
91 4 3
70876
24963 0
5 0 1
5 0 2
85 0 3
64 0 4
4 1
6 2
176 3
5167 4
1 4 0
13 4 1
11 4 3
69249
54 0
31465 1
6 1 0
9 1 2
91 1 3
185 1 4
3 2
52 3
382 4
1 4 3
68948
15 0
12482 1
13 1 0
14 1 2
49 1 3
50 1 4
3 2
976 3
18924 4
10 4 0
7 4 1
12 4 2
84 4 3
69473
85 0
10431 1
1 1 0
9 1 2
41 1 3
48 1 4
2 2
2106 3
15 3 4
1 3 4 1
19899 4
18 4 0
7 4 1
2 4 2
138 4 3
68993
27538 0
2 0 1
9 0 2
55 0 3
1 0 3 4
216 0 4
10 1
2 2
275 3
4120 4
3 4 1
1 4 2
5 4 3
69548
19015 0
2 0 1
38 0 2
3 0 2 4
55 0 3
108 0 4
3698 1
2 1 0
3 1 2
9 1 3
4 1 4
3 2
904 3
5 3 4
7987 4
13 4 0
3 4 1
1 4 2
28 4 3
69307
154 0
1 0 4
8552 1
2 1 0
3 1 2
28 1 3
39 1 4
5 2
278 3
22672 4
8 4 0
20 4 1
8 4 2
214 4 3
69250
7081 0
1 0 1
1 0 2
19 0 3
18 0 4
10073 1
1 1 0
3 1 2
35 1 3
25 1 4
8 2
3105 3
3 3 0
1 3 1
2 3 4
11924 4
11 4 0
9 4 1
1 4 2
26 4 3
69528
21725 0
5 0 1
5 0 2
123 0 3
73 0 4
7376 1
19 1 3
42 1 4
8 2
264 3
2375 4
2 4 1
20 4 3
69520
30395 0
8 0 1
23 0 2
73 0 3
92 0 4
418 1
19 1 3
2 2
399 3
436 4
68961
18 0
5164 1
21 1 0
4 1 2
24 1 3
45 1 4
1 2
3238 3
1 3 0
3 3 1
2 3 2
1 3 4
24558 4
37 4 0
10 4 1
11 4 2
127 4 3
69082
30 0
12 1
6 2
753 3
2 3 1
5 3 4
30181 4
682 4 0
1 4 0 1
4 4 0 2
8 4 0 3
283 4 1
3 4 1 3
5 4 2
641 4 3
1 4 3 1
69533
25390 0
11 0 1
15 0 2
1 0 2 3
33 0 3
58 0 4
686 1
2 2
1787 3
2 3 0
5 3 4
3921 4
23 4 3
68276
18270 0
2 0 1
79 0 2
58 0 3
52 0 4
659 1
3 1 3
6 2
17 2 3
319 3
13373 4
6 4 0
10 4 1
2 4 2
22 4 3
69273
20187 0
9 0 1
3 0 2
202 0 3
72 0 4
5580 1
7 1 3
14 1 4
5 2
2989 3
1 3 0
12 3 1
3 3 4
3599 4
6 4 3
68885
5354 0
6 0 3
5 0 4
15846 1
4 1 0
4 1 2
52 1 3
84 1 4
10 2
389 3
11270 4
1 4 0
1 4 1
1 4 2
47 4 3
69917
19773 0
6 0 1
10 0 2
37 0 3
72 0 4
149 1
1 1 3
7 2
1531 3
4 3 4
10355 4
1 4 1
5 4 2
63 4 3
68205
24367 0
11 0 1
3 0 2
111 0 3
169 0 4
2199 1
57 1 0
6 1 2
6 1 3
3 2
560 3
1 3 4
5626 4
2 4 0
22 4 3
68815
16 0
21 1
4 2
721 3
4 3 0
1 3 4
30314 4
317 4 0
1 4 0 3
7 4 1
2 4 2
1248 4 3
1 4 3 0
1 4 3 1
67793
2128 0
4 0 2
7 0 3
5 0 4
28550 1
4 1 0
16 1 2
50 1 3
118 1 4
2 2
649 3
1 3 4
2615 4
5 4 1
69431
7377 0
3 0 1
2 0 2
13 0 3
39 0 4
2005 1
1 1 0
1 1 2
9 1 3
3 1 4
1 2
3739 3
5 3 0
2 3 1
190 3 4
18610 4
32 4 0
12 4 1
6 4 2
86 4 3
68469
28 0
4791 1
6 1 2
25 1 3
22 1 4
2 2
443 3
26498 4
15 4 0
12 4 1
23 4 2
111 4 3
69397
20981 0
3 0 1
5 0 2
25 0 3
87 0 4
5 1
3 2
934 3
3 3 0
2 3 4
10383 4
2 4 0
1 4 2
35 4 3
69398
28107 0
3 0 1
17 0 2
83 0 3
88 0 4
115 1
3 2
931 3
3 3 4
4089 4
16 4 3
70061
200 0
8171 1
2 1 0
4 1 2
34 1 3
6 1 3 0
60 1 4
1 2
1400 3
1 3 4
21322 4
19 4 0
19 4 1
8 4 2
147 4 3
68149
31947 0
21 0 1
8 0 2
108 0 3
82 0 4
20 1
3 2
188 3
271 4
69130
1098 0
2 0 3
1 0 4
6576 1
2 1 0
3 1 2
15 1 3
30 1 4
1 2
403 3
1 3 1
24071 4
6 4 0
6 4 2
136 4 3
69854
16499 0
4 0 1
6 0 2
51 0 3
1 0 3 4
92 0 4
12 1
2 2
1449 3
7 3 4
13885 4
2 4 0
17 4 1
1 4 2
63 4 3
70322
43 0
11967 1
1 1 0
1 1 2
49 1 3
33 1 4
1 2
3448 3
12 3 1
20 3 4
15944 4
5 4 1
7 4 2
27 4 3
69274
2670 0
1 0 1
2 0 2
5 0 3
3 0 4
12874 1
1 1 0
8 1 2
70 1 3
1 1 3 2
43 1 4
8 2
1114 3
6 3 4
15688 4
1 4 0
26 4 1
2 4 2
32 4 3
69048
7735 0
10 0 1
1 0 2
37 0 3
37 0 4
1 0 4 3
9801 1
4 1 0
18 1 3
37 1 4
9 2
447 3
9 3 4
14859 4
1 4 0
2 4 1
108 4 3
71234
12671 0
2 0 1
2 0 2
34 0 3
30 0 4
16427 1
6 1 0
4 1 2
55 1 3
54 1 4
6 2
186 3
944 4
69073
14008 0
5 0 1
40 0 2
48 0 3
54 0 4
4192 1
2 1 0
4 1 3
3 1 4
6 2
2130 3
1 3 0
5 3 4
12003 4
1 4 0
15 4 1
4 4 2
157 4 3
69083
6 0
16268 1
4 1 0
20 1 2
47 1 3
61 1 4
5 2
182 3
1 3 4
15813 4
8 4 0
16 4 1
6 4 2
32 4 3
69488
8953 0
5 0 1
9 0 2
20 0 3
62 0 4
238 1
1 1 3
1 1 4
3 2
1201 3
1 3 4
21513 4
41 4 0
35 4 1
2 4 2
81 4 3
69781
13295 0
2 0 1
5 0 2
35 0 3
76 0 4
9674 1
2 1 0
6 1 2
15 1 3
25 1 4
2 2
747 3
1 3 1
18 3 4
7748 4
3 4 0
1 4 2
32 4 3
68477
26867 0
9 0 1
3 0 2
68 0 3
91 0 4
1 0 4 2
10 1
4 2
552 3
4 3 4
5535 4
10 4 0
2 4 1
2 4 2
25 4 3
69084
71 0
25308 1
3 1 0
3 1 2
105 1 3
136 1 4
6 2
1289 3
2 3 4
5127 4
3 4 0
6 4 1
2 4 3
68626
631 0
2 0 3
18457 1
40 1 0
7 1 2
1 1 2 3
54 1 3
59 1 4
5 2
1229 3
4 3 4
12704 4
2 4 0
54 4 1
1 4 2
57 4 3
68766
10 0
29574 1
15 1 0
9 1 2
86 1 3
86 1 4
2 2
415 3
3359 4
1 4 0
7 4 3
70633
22767 0
9 0 1
3 0 2
52 0 3
57 0 4
8 1
4 2
787 3
17 3 4
6875 4
2 4 1
1 4 2
44 4 3
69486
6759 0
3 0 1
62 0 2
13 0 3
7470 0 4
5 0 4 1
4 0 4 2
27 0 4 3
26 1
572 3
16866 4
11 4 0
8 4 1
28 4 2
188 4 3
70294
10686 0
2 0 1
5 0 2
39 0 3
17 0 4
16875 1
37 1 0
11 1 2
86 1 3
96 1 4
540 3
2 3 4
3428 4
15 4 3
72166
15 0
27942 1
11 1 0
10 1 2
115 1 3
1 1 3 4
75 1 4
1 1 4 3
2 2
282 3
1 3 0
1161 4
1 4 3
69052
483 0
1 0 3
2 0 4
5011 1
2 1 2
18 1 3
22 1 4
3 2
2132 3
1 3 2
18 3 4
24382 4
75 4 0
20 4 1
3 4 2
223 4 3
1 4 3 0
68427
1472 0
3 0 3
1 0 4
19067 1
11 1 0
50 1 3
51 1 4
16 2
331 3
12017 4
6 4 0
1 4 1
2 4 2
21 4 3
68792
19083 0
4 0 1
16 0 2
88 0 3
2 0 3 4
59 0 4
2 0 4 1
1 0 4 2
1596 1
4 1 3
14 1 4
5 2
625 3
1 3 4
11149 4
13 4 0
21 4 2
84 4 3
70846
13818 0
7 0 2
32 0 3
42 0 4
3845 1
5 1 2
14 1 3
22 1 4
1 2
1877 3
1 3 0
3 3 4
11269 4
9 4 0
2 4 1
1 4 2
50 4 3
67581
31957 0
16 0 1
4 0 2
90 0 3
129 0 4
6 1
1 2
97 3
1155 4
2 4 3
67900
25006 0
6 0 1
13 0 2
53 0 3
1 0 3 1
129 0 4
115 1
5 2
681 3
1 3 0
1 3 4
7447 4
1 4 1
1 4 2
51 4 3
69032
81 0
24674 1
5 1 0
6 1 2
48 1 3
82 1 4
1 1 4 0
1 2
793 3
1 3 2
5 3 4
6522 4
4 4 0
12 4 2
37 4 3
67468
61 0
32991 1
8 1 0
4 1 2
44 1 3
83 1 4
2 2
131 3
684 4
1 4 2
68295
28537 0
4 0 1
9 0 2
69 0 3
187 0 4
1 0 4 3
596 1
2 2
248 3
3 3 0
3818 4
308 4 3
69104
807 0
1 0 2
3 0 3
4 0 4
1580 1
12 1 3
17 1 4
5 2
3291 3
6 3 0
1 3 1
10 3 2
53 3 4
25280 4
30 4 0
21 4 1
5 4 2
1034 4 3
1 4 3 0
1 4 3 1
68991
85 0
25342 1
6 1 0
5 1 2
49 1 3
1 1 3 4
72 1 4
3 2
750 3
5 3 4
6151 4
4 4 0
4 4 1
2 4 2
7 4 3
69623
16260 0
18 0 1
1 0 2
44 0 3
1 0 3 4
1202 0 4
2 0 4 3
196 1
7 2
749 3
13869 4
1 4 0
2 4 1
1 4 2
94 4 3
69997
140 0
9892 1
2 1 0
9 1 2
19 1 3
46 1 4
873 3
5 3 4
20554 4
246 4 0
1 4 0 3
4 4 1
4 4 2
156 4 3
69678
413 0
11153 1
2 1 0
1 1 2
44 1 3
38 1 4
2 2
1494 3
7 3 4
19350 4
1 4 0
14 4 1
7 4 2
72 4 3
69414
3779 0
3 0 1
1 0 2
10 0 3
9 0 4
105 1
7 2
761 3
25796 4
52 4 0
2 4 0 3
18 4 1
6 4 2
694 4 3
1 4 3 0
1 4 3 2
69968
2496 0
8 0 2
1 0 2 4
6 0 3
40 0 4
300 1
2 1 4
2 2
2659 3
4 3 1
1 3 2
17 3 4
25639 4
14 4 0
6 4 1
14 4 2
259 4 3
69346
651 0
28702 1
24 1 0
13 1 2
1 1 2 4
113 1 3
1 1 3 4
57 1 4
2 2
149 3
2261 4
3 4 0
17 4 2
2 4 3
69383
47 0
18359 1
4 1 0
10 1 2
76 1 3
72 1 4
4 2
247 3
12897 4
20 4 0
47 4 1
3 4 2
43 4 3
69833
4172 0
2 0 1
2 0 2
19 0 3
14 0 4
1101 1
9 1 4
7 2
760 3
3 3 0
25037 4
9 4 0
7 4 1
5 4 2
367 4 3
68982
3087 0
5 0 3
11 0 4
675 1
3 1 3
1 1 4
1 2
622 3
29 3 0
1 3 1
2 3 4
27616 4
2 4 0
6 4 1
13 4 2
863 4 3
2 4 3 0
67719
9 0
30678 1
12 1 0
6 1 2
95 1 3
90 1 4
1 2
442 3
2452 4
2 4 3
69911
2499 0
2 0 2
5 0 3
8 0 4
4779 1
3 1 0
4 1 2
20 1 3
46 1 4
2 1 4 3
3 2
1645 3
5 3 4
22347 4
20 4 0
13 4 1
3 4 2
277 4 3
68639
14276 0
6 0 1
13 0 2
44 0 3
83 0 4
29 1
8 2
1664 3
1 3 0
2 3 4
17303 4
12 4 0
10 4 1
75 4 3
