1672 0
2 0 1
2918 0 2
3 0 2 1
15 0 2 3
199 0 2 4
79892 0 3
44 0 3 1
10116 0 3 2
2 0 3 2 1
475 0 3 2 4
2 0 3 2 4 1
4520 0 3 4
23 0 3 4 1
2 0 3 4 2
264 0 4
1 0 4 2
2 0 4 3
1833 0
3 0 1
21731 0 2
20186 0 2 1
246 0 2 1 3
2664 0 2 1 4
9 0 2 1 4 3
6401 0 2 3
4 0 2 3 1
30 0 2 3 4
28275 0 2 4
176 0 2 4 1
383 0 2 4 3
15429 0 3
7 0 3 1
8 0 3 2
2260 0 3 4
362 0 4
1 0 4 2
54 0 4 3
1905 0
2 0 1
17132 0 2
24 0 2 1
878 0 2 3
7 0 2 3 4
67881 0 2 4
17 0 2 4 1
478 0 2 4 3
11364 0 3
8 0 3 1
59 0 3 2
430 0 3 4
227 0 4
5 0 4 3
12 1
1 1 4
198 1
13 1 0
1 1 0 3
254 1 2
14 1 2 3
983 1 2 3 4
182 1 2 4
3 1 2 4 0
39 1 2 4 3
87795 1 3
33 1 3 0
1 1 3 0 4
224 1 3 2
6390 1 3 2 4
2 1 3 2 4 0
3747 1 3 4
19 1 3 4 2
147 1 4
2 1 4 0
2 1 4 2
23 1 4 3
1771 0
1 0 1
1 0 1 4
38735 0 2
36814 0 2 1
399 0 2 1 3
1 0 2 1 3 4
305 0 2 1 4
8 0 2 1 4 3
1924 0 2 3
18 0 2 3 4
3160 0 2 4
3 0 2 4 1
98 0 2 4 3
9299 0 3
18 0 3 2
593 0 3 4
160 0 4
21 0 4 1
20 0 4 3
13 1
1 1 2
6473 1 3
2 1 3 0
199 1 3 4
1890 0
11 0 1
80 0 1 4
17671 0 2
1208 0 2 1
8 0 2 1 3
6 0 2 1 4
7131 0 2 3
41 0 2 3 4
1506 0 2 4
7 0 2 4 3
57141 0 3
28 0 3 1
2157 0 3 2
6 0 3 2 1
13 0 3 2 4
6237 0 3 4
3 0 3 4 1
4 0 3 4 2
400 0 4
18 0 4 1
3270 0 4 2
185 0 4 2 3
1016 0 4 3
1937 0
3 0 1
45232 0 2
1061 0 2 1
1 0 2 1 3
1 0 2 1 4
29575 0 2 3
15 0 2 3 1
344 0 2 3 4
2867 0 2 4
156 0 2 4 3
17129 0 3
10 0 3 1
11 0 3 2
634 0 3 4
1 0 3 4 1
429 0 4
2 0 4 1
1 0 4 2
606 0 4 3
1 0 4 3 2
1876 0
27 0 1
2 0 1 3
1 0 1 4
15354 0 2
41040 0 2 1
467 0 2 1 3
378 0 2 1 4
2520 0 2 3
1 0 2 3 1
14 0 2 3 4
983 0 2 4
2 0 2 4 3
35037 0 3
19 0 3 1
235 0 3 2
1959 0 3 4
2 0 3 4 1
1 0 3 4 2
273 0 4
31 0 4 3
1 1
141 1
51 1 0
39302 1 0 2
396 1 0 2 3
1 1 0 2 3 4
1161 1 0 2 4
6 1 0 2 4 3
1 1 0 3
1 1 0 4
7 1 2
33940 1 3
15 1 3 0
25 1 3 2
446 1 3 4
49 1 4
4831 4 0
100 4 0 1
14194 4 0 2
3 4 0 2 1
162 4 0 2 3
5300 4 0 3
37 4 0 3 1
4 4 0 3 2
2045 0
4 0 1
56043 0 2
849 0 2 1
1 0 2 1 3
7 0 2 1 4
2250 0 2 3
9 0 2 3 4
34262 0 2 4
14 0 2 4 1
323 0 2 4 3
4218 0 3
1 0 3 2
217 0 3 4
333 0 4
2 0 4 2
84 0 4 3
241 1
44 1 2
11 1 2 3
1 1 2 4
97178 1 3
53 1 3 0
56 1 3 2
1900 1 3 4
3 1 3 4 0
5 1 3 4 2
359 1 4
13 1 4 0
1 1 4 2
261 1 4 3
607 0
65619 0 2
5325 0 2 1
26 0 2 1 3
27 0 2 1 4
4201 0 2 3
6 0 2 3 1
78 0 2 3 4
23852 0 2 4
19 0 2 4 1
168 0 2 4 3
96 0 3
1 0 3 4
69 0 4
1 0 4 3
2238 0
4 0 1
2970 0 2
2 0 2 1
45 0 2 3
321 0 2 4
85371 0 3
56 0 3 1
1732 0 3 2
15 0 3 2 4
3901 0 3 4
5 0 3 4 1
708 0 4
7 0 4 1
2652 0 4 2
4 0 4 2 1
7 0 4 2 3
57 0 4 3
50 0
2 0 3
97 1
2 1 0
5 1 2
54889 1 3
24 1 3 0
23 1 3 2
1239 1 3 4
92 1 4
1 1 4 2
3 1 4 3
3881 4 0
316 4 0 1
6 4 0 1 3
20027 4 0 2
5 4 0 2 1
81 4 0 2 3
18167 4 0 3
65 4 0 3 1
72 4 0 3 2
1061 4 3 0
8 4 3 1
1810 0
6 0 1
58722 0 2
325 0 2 1
14345 0 2 3
9 0 2 3 1
147 0 2 3 4
5160 0 2 4
7 0 2 4 1
38 0 2 4 3
17158 0 3
12 0 3 1
5 0 3 1 4
1423 0 3 2
4 0 3 2 4
280 0 3 4
382 0 4
1 0 4 1
3 0 4 2
210 0 4 3
1517 0
1 0 1
6584 0 2
76 0 2 1
460 0 2 3
3 0 2 3 4
52 0 2 4
21580 0 3
20 0 3 1
60267 0 3 2
676 0 3 2 1
9 0 3 2 1 4
572 0 3 2 4
5393 0 3 4
2 0 3 4 1
243 0 4
985 0 4 3
98 1
1583 1 3
1 1 3 0
4 1 3 2
27 1 3 4
22 1 4
1822 0
6 0 1
19743 0 2
74 0 2 1
1564 0 2 3
8 0 2 3 4
2240 0 2 4
1 0 2 4 1
13 0 2 4 3
68272 0 3
27 0 3 1
1929 0 3 2
5 0 3 2 4
3658 0 3 4
8 0 3 4 1
1 0 3 4 1 2
1 0 3 4 2
513 0 4
1 0 4 1
1 0 4 2
187 0 4 3
8 0
4 0 4
236 1
2 1 0
17 1 2
1 1 2 3
97820 1 3
55 1 3 0
75 1 3 2
1767 1 3 4
2 1 3 4 2
112 1 4
6 1 4 3
1 1
1529 4 1
659 4 1 0
25 4 1 0 3
37 4 1 2
11 4 1 2 3
97120 4 1 3
229 4 1 3 0
331 4 1 3 2
2317 0
1 0 1
155 0 2
54784 0 3
30 0 3 1
681 0 3 2
2 0 3 2 1
7 0 3 2 4
1428 0 3 4
4 0 3 4 1
1309 0 4
18 0 4 1
257 0 4 2
39067 0 4 3
16 0 4 3 1
27 0 4 3 2
2129 0
3 0 1
16620 0 2
340 0 2 1
2192 0 2 3
3 0 2 3 1
14 0 2 3 4
14984 0 2 4
6 0 2 4 1
86 0 2 4 3
10895 0 3
5 0 3 1
30832 0 3 2
197 0 3 2 1
184 0 3 2 4
4568 0 3 4
2 0 3 4 1
12 0 3 4 2
834 0 4
16258 0 4 3
34 0 4 3 1
8 0 4 3 2
1507 0
31 0 1
18 0 1 4
29 0 2
93747 0 3
51 0 3 1
949 0 3 2
13 0 3 2 4
3219 0 3 4
2 0 3 4 2
321 0 4
1 0 4 1
164 0 4 2
19 0 4 3
1 1
1722 0
123 0 1
4 0 1 3
146 0 1 4
1 0 1 4 3
903 0 2
45 0 2 3
27 0 2 4
89025 0 3
97 0 3 1
1 0 3 1 4
2105 0 3 2
18 0 3 2 4
4200 0 3 4
1 0 3 4 2
327 0 4
7 0 4 1
1341 0 4 3
1 0 4 3 2
7 1
8 1 4
1 1 4 3
239 1
185 1 0
3 1 0 2
1175 1 0 3
5 1 0 3 2
520 1 0 3 4
136 1 0 4
16 1 0 4 2
11 1 2
95007 1 3
54 1 3 0
2 1 3 0 4
51 1 3 2
2426 1 3 4
1 1 3 4 2
172 1 4
13 1 4 3
146 1
436 1 0
87 1 0 2
1 1 0 2 3
141 1 0 3
4 1 0 3 4
1880 1 0 4
6 1 0 4 2
68 1 0 4 3
36 1 2
96 1 2 0
1 1 2 3
95081 1 3
58 1 3 0
55 1 3 2
1826 1 3 4
111 1 4
2 1 4 3
211 0
672 0 3
2 0 3 2
6 0 3 4
13 0 4
208 1
196 1 0
2 1 0 2
3 1 0 3
31686 1 0 4
24256 1 0 4 2
258 1 0 4 2 3
3299 1 0 4 3
2 1 2
1 1 2 4
31920 1 3
14 1 3 0
6 1 3 2
1832 1 3 4
1 1 3 4 0
7 1 3 4 2
56 1 4
2 1 4 0
5551 1 4 3
10 1 4 3 0
3 1 4 3 2
1914 0
9779 0 2
463 0 2 1
10 0 2 1 3
2605 0 2 3
2 0 2 3 1
29 0 2 3 4
839 0 2 4
7 0 2 4 3
38037 0 3
19 0 3 1
161 0 3 2
2301 0 3 4
210 0 4
4 0 4 1
43108 0 4 2
33 0 4 2 1
535 0 4 2 3
18 1
26 1 3
2079 0
3 0 1
47896 0 2
462 0 2 1
2 0 2 1 4
4669 0 2 3
19 0 2 3 4
11115 0 2 4
6 0 2 4 1
53 0 2 4 3
28438 0 3
7 0 3 1
1138 0 3 2
5 0 3 2 4
1804 0 3 4
303 0 4
3 0 4 1
1 0 4 2
2214 0 4 3
1 0 4 3 1
569 0
1 0 1
5 0 2
88586 0 3
31 0 3 1
724 0 3 2
5 0 3 2 4
9976 0 3 4
3 0 3 4 1
15 0 3 4 2
31 0 4
14 1
10 1 3
1 1 4
15 4 1
4 4 1 3
1247 0
1 0 1
2018 0 2
4 0 2 1
53 0 2 3
1 0 2 3 1
357 0 2 4
90906 0 3
28 0 3 1
793 0 3 2
3 0 3 2 4
4331 0 3 4
2 0 3 4 1
2 0 3 4 2
91 0 4
89 0 4 3
15 1
37 1 3
2160 0
1 0 1
50 0 1 4
25709 0 2
155 0 2 1
4 0 2 1 3
3 0 2 1 4
2592 0 2 3
1 0 2 3 1
22 0 2 3 4
10161 0 2 4
125 0 2 4 3
46790 0 3
14 0 3 1
1603 0 3 2
1 0 3 2 1
4 0 3 2 4
2475 0 3 4
2 0 3 4 1
847 0 4
1494 0 4 2
6 0 4 2 3
5907 0 4 3
7 0 4 3 2
1557 0
12 0 1
2648 0 1 4
3 0 1 4 2
769 0 1 4 3
3113 0 2
14 0 2 1
260 0 2 3
30 0 2 4
82413 0 3
23 0 3 1
3017 0 3 2
14 0 3 2 1
4 0 3 2 4
4955 0 3 4
3 0 3 4 1
2 0 3 4 2
279 0 4
851 0 4 3
21 0 4 3 2
9 1
25 1 3
1699 0
5 0 1
5771 0 2
7 0 2 1
172 0 2 3
4743 0 2 4
6 0 2 4 1
628 0 2 4 3
4 0 2 4 3 1
70641 0 3
26 0 3 1
315 0 3 2
4 0 3 2 4
5927 0 3 4
10 0 3 4 1
7 0 3 4 2
986 0 4
1 0 4 1
8263 0 4 2
10 0 4 2 1
234 0 4 2 3
615 0 4 3
23 0 4 3 2
1956 0
3 0 1
47501 0 2
381 0 2 1
3 0 2 1 4
3095 0 2 3
89 0 2 3 1
2 0 2 3 1 4
9 0 2 3 4
37784 0 2 4
53 0 2 4 1
324 0 2 4 3
8004 0 3
5 0 3 1
4 0 3 2
264 0 3 4
293 0 4
501 0 4 3
340 1
44 1 0
29 1 0 3
3 1 0 3 2
3 1 0 3 4
42 1 2
3 1 2 0
168 1 2 3
1 1 2 4
97385 1 3
53 1 3 0
101 1 3 2
1 1 3 2 0
1553 1 3 4
346 1 4
1 1 4 0
1 1 4 2
51 1 4 3
262 1
4 1 0
30 1 2
97180 1 3
46 1 3 0
79 1 3 2
1 1 3 2 4
2288 1 3 4
1 1 3 4 0
198 1 4
1 1 4 2
11 1 4 3
190 1
4 1 0
4 1 0 3
2 1 2
97641 1 3
49 1 3 0
55 1 3 2
1951 1 3 4
130 1 4
1 1 4 0
1 1 4 3
1 4 3
2030 0
6 0 1
6 0 1 4
1926 0 2
11 0 2 1
40 0 2 3
15 0 2 4
85342 0 3
44 0 3 1
217 0 3 2
1 0 3 2 4
6621 0 3 4
5 0 3 4 1
14 0 3 4 2
347 0 4
3320 0 4 3
6 0 4 3 1
1 0 4 3 2
1965 0
8 0 1
13375 0 2
34 0 2 1
19046 0 2 3
51 0 2 3 1
1 0 2 3 1 4
215 0 2 3 4
2207 0 2 4
3 0 2 4 3
55915 0 3
31 0 3 1
257 0 3 2
6432 0 3 4
1 0 3 4 1
11 0 3 4 2
231 0 4
6 0 4 1
156 0 4 2
109 0 4 3
8 1
1 1 3
139 0
1481 0 3
18 0 3 4
10 0 4
206 1
6 1 0
160 1 2
236 1 2 0
4 1 2 0 3
20 1 2 3
153 1 2 4
8 1 2 4 3
95597 1 3
124 1 3 0
58 1 3 2
3 1 3 2 4
1543 1 3 4
1 1 3 4 0
138 1 3 4 2
79 1 4
5 1 4 0
6 1 4 3
1 4 1
2499 0
5 0 1
34097 0 2
47849 0 2 1
406 0 2 1 3
1223 0 2 1 4
3 0 2 1 4 3
3184 0 2 3
9 0 2 3 4
1616 0 2 4
5 0 2 4 1
5 0 2 4 3
7930 0 3
13 0 3 1
6 0 3 2
1065 0 3 4
1 0 3 4 1
222 0 4
13 1
4 1 3
1949 0
2 0 1
31409 0 2
31096 0 2 1
214 0 2 1 3
1045 0 2 1 4
3970 0 2 3
2 0 2 3 1
35 0 2 3 4
4065 0 2 4
1 0 2 4 1
21 0 2 4 3
24380 0 3
6 0 3 1
195 0 3 2
1 0 3 2 4
1261 0 3 4
2 0 3 4 1
426 0 3 4 2
150 0 4
2 0 4 3
1953 0
10 0 1
37841 0 2
249 0 2 1
4 0 2 1 4
1021 0 2 3
1 0 2 3 1
58370 0 2 4
112 0 2 4 1
1 0 2 4 1 3
381 0 2 4 3
852 0 3
6 0 3 4
128 0 4
1 0 4 2
1 0 4 3
154 1
15 1 0
1 1 0 3
1 1 2
97238 1 3
121 1 3 0
63 1 3 2
2527 1 3 4
1 1 3 4 0
8 1 3 4 2
15 1 4
5152 4 0
21 4 0 1
18838 4 0 2
20 4 0 2 1
111 4 0 2 3
75401 4 0 3
73 4 0 3 1
38 4 0 3 2
391 4 1
3 4 1 0
18 4 1 2
129 4 1 3
2066 0
3 0 1
1154 0 1 2
11 0 1 2 3
10 0 1 2 4
5715 0 2
9 0 2 1
1 0 2 1 4
66545 0 2 3
102 0 2 3 1
1 0 2 3 1 4
608 0 2 3 4
1 0 2 3 4 1
748 0 2 4
4 0 2 4 3
6159 0 3
2 0 3 1
5 0 3 2
48 0 3 4
262 0 4
16580 0 4 3
15 0 4 3 1
119 0 4 3 2
1 1
1463 0
5 0 1
66202 0 2
1480 0 2 1
7 0 2 1 3
7 0 2 1 4
4064 0 2 3
3 0 2 3 1
101 0 2 3 4
20086 0 2 4
5 0 2 4 1
196 0 2 4 3
6164 0 3
1 0 3 1
3 0 3 1 4
3 0 3 2
89 0 3 4
106 0 4
3 0 4 1
2 1
1 4
2115 0
9 0 1
1 0 1 3
1004 0 2
27 0 2 3
49511 0 2 4
82 0 2 4 1
373 0 2 4 3
35286 0 3
24 0 3 1
345 0 3 2
45 0 3 2 4
2072 0 3 4
1536 0 4
207 0 4 1
7 0 4 2
7471 0 4 3
9 0 4 3 1
5 0 4 3 2
92 0
11423 0 3
7 0 3 1
35 0 3 2
214 0 3 4
5 0 4
243 1
11 1 0
9 1 2
86506 1 3
40 1 3 0
53 1 3 2
1079 1 3 4
329 1 4
1 1 4 0
5 1 4 2
99 1 4 3
1 1 4 3 2
2133 0
1 0 1
44346 0 2
326 0 2 1
4 0 2 1 3
3 0 2 1 4
4777 0 2 3
3 0 2 3 1
34 0 2 3 4
9883 0 2 4
45 0 2 4 1
4 0 2 4 1 3
49 0 2 4 3
35638 0 3
30 0 3 1
244 0 3 2
1896 0 3 4
1 0 3 4 2
228 0 4
8 0 4 2
433 0 4 3
1 0 4 3 2
1375 0
1 0 1
296 0 2
2 0 2 3
1 0 2 4
76627 0 3
41 0 3 1
13277 0 3 2
1 0 3 2 1
113 0 3 2 4
8284 0 3 4
26 0 3 4 1
7 0 3 4 2
50 0 4
1 0 4 3
6045 4 0
412 4 0 1
8 4 0 1 3
15469 4 0 2
12 4 0 2 1
151 4 0 2 3
77630 4 0 3
133 4 0 3 1
185 4 0 3 2
1 4 3
1301 0
8538 0 2
19 0 2 1
240 0 2 3
1643 0 2 4
2 0 2 4 1
4 0 2 4 3
68192 0 3
24 0 3 1
157 0 3 2
9452 0 3 4
32 0 3 4 1
4 0 3 4 2
143 0 4
135 1
4 1 0
27 1 2
7 1 2 3
5 1 2 4
9868 1 3
11 1 3 0
4 1 3 2
122 1 3 4
86 1 4
1 1 4 3
1485 0
1 0 1
64155 0 2
159 0 2 1
1 0 2 1 3
15488 0 2 3
8 0 2 3 1
100 0 2 3 4
7767 0 2 4
43 0 2 4 3
8536 0 3
3 0 3 1
3 0 3 2
156 0 3 4
1 0 3 4 1
418 0 4
2 0 4 1
906 0 4 2
3 0 4 2 3
233 0 4 3
18 1
574 1 3
1 1 3 2
13 1 3 4
3 1 4
244 1
1 1 0
3 1 2
95975 1 3
145 1 3 0
115 1 3 2
3232 1 3 4
4 1 3 4 0
1 1 3 4 2
91 1 4
69 1 4 0
192 1 4 3
5 4 0
1962 0
5 0 1
40488 0 2
165 0 2 1
46444 0 2 3
115 0 2 3 1
282 0 2 3 4
1675 0 2 4
1 0 2 4 1
14 0 2 4 3
7106 0 3
3 0 3 1
3 0 3 2
1211 0 3 4
1 0 3 4 1
566 0 4
2 0 4 2
32 0 4 3
1707 0
6 0 1
556 0 2
4 0 2 3
433 0 2 4
91346 0 3
36 0 3 1
2285 0 3 2
2 0 3 2 1
17 0 3 2 4
3376 0 3 4
5 0 3 4 1
275 0 4
4 0 4 1
56 0 4 3
161 1
26 1 0
1 1 0 4
17 1 2
1 1 2 3
97526 1 3
53 1 3 0
3 1 3 0 4
47 1 3 2
1929 1 3 4
1 1 3 4 0
228 1 4
1 1 4 0
1 1 4 2
29 1 4 3
2498 0
2 0 1
23027 0 2
388 0 2 1
3 0 2 1 3
3 0 2 1 4
47009 0 2 3
12522 0 2 3 1
273 0 2 3 1 4
240 0 2 3 4
1013 0 2 4
1 0 2 4 3
11835 0 3
3 0 3 1
159 0 3 2
917 0 3 4
273 0 4
21 0 4 3
229 1
491 1 2
80155 1 2 0
951 1 2 0 3
2 1 2 0 3 4
1473 1 2 0 4
14 1 2 0 4 3
124 1 2 3
1 1 2 3 4
333 1 2 4
216 1 2 4 0
164 1 2 4 3
15375 1 3
5 1 3 0
1 1 3 0 4
4 1 3 2
160 1 3 4
368 1 4
2 1 4 0
2 1 4 2
52 1 4 3
1702 0
3 0 1
1 0 1 3
36526 0 2
23325 0 2 1
338 0 2 1 3
1 0 2 1 3 4
211 0 2 1 4
31371 0 2 3
1798 0 2 3 1
11 0 2 3 1 4
355 0 2 3 4
3219 0 2 4
4 0 2 4 1
22 0 2 4 3
609 0 3
1 0 3 1
7 0 3 4
552 0 4
1 0 4 1
45 0 4 2
87 0 4 3
175 1
5 1 0
13 1 2
1 1 2 4
97706 1 3
50 1 3 0
1 1 3 0 4
47 1 3 2
1798 1 3 4
267 1 4
1 1 4 2
10 1 4 3
556 0
1 0 1
33 0 2
1 0 2 3
7061 0 3
3 0 3 1
3 0 3 2
176 0 3 4
111 0 4
1 0 4 2
5 0 4 3
135 1
9 1 0
89260 1 3
55 1 3 0
2 1 3 0 4
52 1 3 2
2147 1 3 4
35 1 3 4 2
317 1 4
3 1 4 0
1 1 4 2
62 1 4 3
9 1 4 3 2
1719 0
3 0 1
1 0 1 2
41304 0 2
2912 0 2 1
14 0 2 1 3
15 0 2 1 4
2023 0 2 3
3 0 2 3 1
41 0 2 3 4
11309 0 2 4
6 0 2 4 1
676 0 2 4 3
23203 0 3
15 0 3 1
14612 0 3 2
5 0 3 2 1
440 0 3 2 4
825 0 3 4
134 0 4
2 0 4 3
29 1
1 1 2
891 1 3
82 1 3 4
35 1 4
1900 0
9 0 1
1 0 1 3
160 0 2
9863 0 2 3
5 0 2 3 1
51 0 2 3 4
6 0 2 4
75668 0 3
70 0 3 1
2954 0 3 2
8 0 3 2 4
3592 0 3 4
5 0 3 4 1
1 0 3 4 2
174 0 4
63 0 4 3
42 1
5188 1 3
1 1 3 0
2 1 3 2
276 1 3 4
13 1 4
1851 0
2 0 1
22375 0 2
118 0 2 1
10507 0 2 3
2 0 2 3 1
63 0 2 3 4
1947 0 2 4
1 0 2 4 1
18 0 2 4 3
38242 0 3
8 0 3 1
978 0 3 2
2 0 3 2 4
1518 0 3 4
2 0 3 4 1
573 0 4
2 0 4 1
3 0 4 2
21783 0 4 3
29 0 4 3 1
38 0 4 3 2
19 1
3 1 0
5 1 3
5 1 4
238 1
266 1 0
29 1 0 2
12 1 0 3
784 1 0 4
3 1 0 4 2
117 1 0 4 3
10 1 2
96289 1 3
91 1 3 0
49 1 3 2
1922 1 3 4
21 1 3 4 0
14 1 3 4 2
2 1 3 4 2 0
137 1 4
96 1 4 3
1393 0
11 0 1
6665 0 2
11 0 2 1
436 0 2 3
1 0 2 3 4
391 0 2 4
57410 0 3
26 0 3 1
15924 0 3 2
11 0 3 2 1
123 0 3 2 4
2124 0 3 4
2744 0 4
329 0 4 1
2 0 4 1 2
7 0 4 2
12439 0 4 3
11 0 4 3 1
19 0 4 3 2
2014 0
5 0 1
9095 0 2
119 0 2 1
1 0 2 1 3
4471 0 2 3
7 0 2 3 1
25 0 2 3 4
5111 0 2 4
1 0 2 4 1
44 0 2 4 3
70426 0 3
30 0 3 1
671 0 3 2
4791 0 3 4
1 0 3 4 1
506 0 4
3 0 4 1
2762 0 4 3
1 0 4 3 2
6 1
1183 0
5 0 1
52956 0 2
5306 0 2 1
242 0 2 1 3
2 0 2 1 3 4
66 0 2 1 4
16940 0 2 3
20 0 2 3 1
159 0 2 3 4
9136 0 2 4
6 0 2 4 1
60 0 2 4 3
13375 0 3
32 0 3 1
170 0 3 2
2 0 3 2 4
552 0 3 4
56 0 4
1 0 4 2
3 0 4 3
153 1
44 1 2
20 1 2 3
7 1 2 4
97167 1 3
52 1 3 0
118 1 3 2
1 1 3 2 4
1919 1 3 4
4 1 3 4 2
523 1 4
1 1 4 2
54 1 4 3
153 1
2 1 0
14 1 2
3 1 2 3
95540 1 3
79 1 3 0
50 1 3 2
2872 1 3 4
37 1 3 4 2
207 1 4
894 1 4 0
33 1 4 0 3
117 1 4 3
217 1
7 1 0
1 1 0 4
1 1 2
13385 1 3
5 1 3 0
5 1 3 2
320 1 3 4
200 1 4
1081 1 4 0
2 1 4 0 3
4657 1 4 2
8572 1 4 2 0
37 1 4 2 0 3
71348 1 4 2 3
212 1 4 2 3 0
8 1 4 3
1939 0
27 0 1
1 0 1 2
1 0 1 3
284 0 1 4
13 0 1 4 3
11644 0 2
125 0 2 1
42 0 2 1 3
4 0 2 1 3 4
2308 0 2 3
20 0 2 3 4
13058 0 2 4
2 0 2 4 1
155 0 2 4 3
65200 0 3
37 0 3 1
1097 0 3 2
1 0 3 2 1
119 0 3 2 4
3611 0 3 4
2 0 3 4 1
32 0 3 4 2
299 0 4
1 0 4 1
1 0 4 2
66 0 4 3
7937 0 4
441 0 4 1
2 0 4 1 2
4 0 4 1 3
84797 0 4 2
105 0 4 2 1
1 0 4 2 1 3
726 0 4 2 3
6303 0 4 3
5 0 4 3 1
9 0 4 3 2
1825 0
3 0 1
2907 0 2
5533 0 2 1
32 0 2 1 3
31 0 2 1 4
6599 0 2 3
1 0 2 3 1
49 0 2 3 4
315 0 2 4
11 0 2 4 3
75194 0 3
33 0 3 1
1745 0 3 2
1 0 3 2 1
14 0 3 2 4
5127 0 3 4
3 0 3 4 1
239 0 4
16 0 4 3
62 1
2 1 0
1 1 2
257 1 3
6 1 3 0
1 1 3 4
27 1 4
245 1
1 1 0
27 1 2
97771 1 3
82 1 3 0
2 1 3 0 4
44 1 3 2
1833 1 3 4
1 1 3 4 0
51 1 4
50 1 4 3
177 1
1 1 0
1 1 2
98078 1 3
61 1 3 0
67 1 3 2
1527 1 3 4
123 1 3 4 2
36 1 4
53 0
219 0 3
4 0 4
171 1
3 1 0
2 1 2
97170 1 3
84 1 3 0
26 1 3 0 4
42 1 3 2
2110 1 3 4
24 1 3 4 0
116 1 4
2 1 4 2
33 1 4 3
1602 0
9 0 1
1 0 1 3
1 0 1 4
823 0 2
42 0 2 3
8 0 2 4
91045 0 3
28 0 3 1
973 0 3 2
51 0 3 2 4
3987 0 3 4
2 0 3 4 1
1 0 3 4 2
312 0 4
715 0 4 1
123 0 4 1 3
8 0 4 2
256 0 4 3
9 1
31 1 3
1 1 3 4
1 1 4
1199 0
6 0 1
19 0 2
54612 0 3
29 0 3 1
4738 0 3 2
1 0 3 2 1
39 0 3 2 4
3463 0 3 4
1 0 3 4 1
7 0 3 4 2
324 0 4
3 0 4 1
180 0 4 3
71 1
1 1 0
1 1 2
34194 1 3
10 1 3 0
21 1 3 2
1215 1 3 4
6 1 3 4 0
39 1 4
3 1 4 3
2233 0
11 0 1
13 0 1 3
9851 0 2
1122 0 2 3
7 0 2 3 4
540 0 2 4
72716 0 3
31 0 3 1
1 0 3 1 4
2898 0 3 2
10 0 3 2 4
3520 0 3 4
2 0 3 4 1
1 0 3 4 2
1072 0 4
4 0 4 1
5 0 4 2
6015 0 4 3
5 0 4 3 1
2 0 4 3 2
2109 0
2 0 1
4215 0 2
46 0 2 1
79 0 2 3
45 0 2 4
60113 0 3
26 0 3 1
5 0 3 1 4
124 0 3 2
3220 0 3 4
1 0 3 4 1
9 0 3 4 2
943 0 4
4 0 4 1
28895 0 4 3
46 0 4 3 1
92 0 4 3 2
223 1
6 1 0
1 1 0 4
97496 1 3
28 1 3 0
185 1 3 2
1 1 3 2 0
1 1 3 2 4
1985 1 3 4
1 1 3 4 0
3 1 3 4 2
110 1 4
10 1 4 0
292 1
71 1 0
15 1 0 3
9 1 0 4
19 1 2
1 1 2 3
9 1 2 4
95960 1 3
48 1 3 0
39 1 3 2
2 1 3 2 4
3200 1 3 4
329 1 4
5 1 4 2
1 1 4 2 3
12 1 4 3
2050 0
15 0 1
528 0 2
7 0 2 1
193 0 2 3
5 0 2 4
71128 0 3
26 0 3 1
1224 0 3 2
7 0 3 2 4
10416 0 3 4
15 0 3 4 1
68 0 3 4 2
788 0 4
11 0 4 1
284 0 4 2
6 0 4 2 1
9 0 4 2 3
13168 0 4 3
22 0 4 3 1
72 0 4 3 2
1601 0
4 0 1
4 0 1 4
42292 0 2
80 0 2 1
19607 0 2 3
14 0 2 3 1
2 0 2 3 1 4
401 0 2 3 4
6944 0 2 4
17 0 2 4 1
55 0 2 4 3
26164 0 3
11 0 3 1
55 0 3 2
1585 0 3 4
319 0 4
33 0 4 3
36 1
814 1 3
3 1 3 2
3 1 3 4
7 1 4
2 1 4 3
17 4 0
2 4 3
225 1
2 1 0
19 1 2
97960 1 3
48 1 3 0
51 1 3 2
1 1 3 2 4
1712 1 3 4
1 1 3 4 2
53 1 4
5 1 4 3
1807 0
1 0 1
9388 0 2
29 0 2 1
361 0 2 3
3438 0 2 4
6 0 2 4 1
16 0 2 4 3
36306 0 3
5 0 3 1
118 0 3 2
39073 0 3 4
21 0 3 4 1
115 0 3 4 2
1271 0 4
34 0 4 1
1 0 4 1 3
6140 0 4 2
3 0 4 2 1
40 0 4 2 3
1901 0 4 3
2 0 4 3 1
218 1
18 1 0
1 1 0 2
10 1 0 4
4 1 2
37703 1 3
16 1 3 0
23 1 3 2
443 1 3 4
132 1 4
1 1 4 2
2 1 4 3
257 4 0
2 4 0 2
60769 4 0 3
327 4 0 3 1
265 4 0 3 2
219 0
2837 0 2
249 0 2 3
4 0 2 3 1
156 0 2 4
676 0 3
1 0 3 1
2 0 3 4
104 0 4
6 0 4 3
180 1
2 1 0
94 1 2
11 1 2 3
34 1 2 4
69 1 2 4 0
6 1 2 4 3
92932 1 3
36 1 3 0
44 1 3 2
1676 1 3 4
216 1 4
517 1 4 3
1560 0
35914 0 2
24188 0 2 1
259 0 2 1 3
241 0 2 1 4
1 0 2 1 4 3
2671 0 2 3
2 0 2 3 1
17 0 2 3 4
32113 0 2 4
58 0 2 4 1
329 0 2 4 3
1599 0 3
8 0 3 1
25 0 3 2
39 0 3 4
641 0 4
18 0 4 1
91 0 4 2
364 0 4 3
2 0 4 3 1
1 4 0
1820 0
9 0 1
40563 0 2
208 0 2 1
2478 0 2 3
5 0 2 3 1
13 0 2 3 4
37686 0 2 4
28 0 2 4 1
249 0 2 4 3
16471 0 3
8 0 3 1
47 0 3 2
374 0 3 4
309 0 4
1 0 4 1
22 0 4 3
1 4 3
264 1
22 1 0
59 1 0 3
4 1 0 4
7 1 2
96809 1 3
28 1 3 0
60 1 3 2
2606 1 3 4
16 1 3 4 0
2 1 3 4 2
121 1 4
121 1
1 1 0
1 1 2
1724 1 3
12 1 3 4
1070 1 4
36293 1 4 0
53777 1 4 0 2
354 1 4 0 2 3
6171 1 4 0 3
8 1 4 2
585 1 4 3
4 1 4 3 0
1454 0
2 0 1
2773 0 2
40 0 2 3
24 0 2 4
84481 0 3
57 0 3 1
1 0 3 1 4
2876 0 3 2
4 0 3 2 1
8 0 3 2 4
8225 0 3 4
8 0 3 4 1
10 0 3 4 2
73 0 4
6 0 4 2
2 0 4 3
1832 0
1001 0 2
620 0 2 3
2 0 2 3 4
1 0 2 4
45624 0 3
17 0 3 1
328 0 3 2
1 0 3 2 4
969 0 3 4
391 0 4
7 0 4 2
49034 0 4 3
167 0 4 3 1
49 0 4 3 2
16 1 3
1 4 3
230 1
15 1 0
2 1 0 3
34 1 0 4
106 1 2
2473 1 2 0
5 1 2 0 3
6 1 2 0 4
69 1 2 3
25 1 2 4
94145 1 3
66 1 3 0
3 1 3 0 4
57 1 3 2
1 1 3 2 4
1407 1 3 4
176 1 4
1168 1 4 0
32 1 4 0 3
52 1 4 3
455 0
2 0 2
12441 0 3
5 0 3 1
10 0 3 2
2371 0 3 4
31 0 4
183 1
1 1 0
8 1 2
83525 1 3
42 1 3 0
54 1 3 2
919 1 3 4
47 1 4
1548 0
18 0 1
4 0 1 4
127 0 2
2 0 2 1
44 0 2 4
83046 0 3
45 0 3 1
1 0 3 1 4
2836 0 3 2
60 0 3 2 1
22 0 3 2 4
3814 0 3 4
8 0 3 4 1
2619 0 4
18 0 4 1
654 0 4 2
2 0 4 2 1
2 0 4 2 3
5268 0 4 3
4 0 4 3 1
2 0 4 3 2
