37649 0
27 0 1
2671 0 2
11 0 2 1
19 0 2 3
31 0 2 4
54802 0 3
109 0 3 1
641 0 3 2
2 0 3 2 1
22 0 3 2 4
944 0 3 4
3 0 3 4 1
3224 0 4
8 0 4 1
2 0 4 2
36 0 4 3
2 1
1 4
35366 0
57 0 1
20269 0 2
7267 0 2 1
68 0 2 1 3
1383 0 2 1 4
5 0 2 1 4 3
1584 0 2 3
11 0 2 3 4
3294 0 2 4
17 0 2 4 1
40 0 2 4 3
26879 0 3
46 0 3 1
24 0 3 2
991 0 3 4
3980 0 4
2 0 4 1
3 0 4 2
217 0 4 3
34546 0
59 0 1
1 0 1 3
1 0 1 4
23021 0 2
12 0 2 1
448 0 2 3
1 0 2 3 4
18332 0 2 4
17 0 2 4 1
119 0 2 4 3
20396 0 3
13 0 3 1
84 0 3 2
2 0 3 2 4
543 0 3 4
1 0 3 4 2
2114 0 4
26 0 4 3
618 1
4 1 0
17 1 2
4 1 3
14 1 4
12 4 0
9503 1
298 1 0
2 1 0 3
6 1 0 4
6460 1 2
10 1 2 0
151 1 2 3
171 1 2 3 4
2961 1 2 4
1 1 2 4 0
18 1 2 4 3
74329 1 3
53 1 3 0
1 1 3 0 4
765 1 3 2
973 1 3 2 4
1043 1 3 4
1 1 3 4 2
3649 1 4
95 1 4 0
2 1 4 0 3
3 1 4 2
134 1 4 3
3 4
34532 0
46 0 1
41119 0 2
3117 0 2 1
29 0 2 1 3
26 0 2 1 4
623 0 2 3
2 0 2 3 4
749 0 2 4
12 0 2 4 3
10233 0 3
5 0 3 2
122 0 3 4
2227 0 4
82 0 4 1
1 0 4 1 3
6 0 4 2
32 0 4 3
946 1
4 1 0
3 1 2
6388 1 3
2 1 3 0
3 1 3 2
47 1 3 4
17 1 4
1 1 4 3
1 4
2 4 1
42064 0
173 0 1
2 0 1 2
160 0 1 4
8645 0 2
37 0 2 1
408 0 2 3
3 0 2 3 4
231 0 2 4
39053 0 3
25 0 3 1
198 0 3 2
2 0 3 2 4
3363 0 3 4
4 0 3 4 1
1 0 3 4 2
4740 0 4
82 0 4 1
432 0 4 2
14 0 4 2 3
476 0 4 3
9 4
5 4 1
41587 0
33 0 1
33510 0 2
73 0 2 1
2981 0 2 3
3 0 2 3 1
30 0 2 3 4
664 0 2 4
81 0 2 4 3
15723 0 3
12 0 3 1
8 0 3 2
254 0 3 4
5096 0 4
15 0 4 1
1 0 4 2
556 0 4 3
36833 0
656 0 1
18 0 1 3
31 0 1 4
11339 0 2
4251 0 2 1
53 0 2 1 3
31 0 2 1 4
293 0 2 3
1 0 2 3 4
206 0 2 4
1 0 2 4 3
42516 0 3
30 0 3 1
75 0 3 2
615 0 3 4
3216 0 4
4 0 4 1
6 0 4 2
104 0 4 3
30 1
7882 1
1109 1 0
3649 1 0 2
31 1 0 2 3
100 1 0 2 4
14 1 0 3
18 1 0 4
174 1 2
2 1 2 3
1 1 2 4
28724 1 3
19 1 3 0
7 1 3 2
220 1 3 4
1 1 3 4 0
966 1 4
3 1 4 0
8 1 4 3
6 4
52298 4 0
389 4 0 1
1 4 0 1 3
1977 4 0 2
2 4 0 2 1
21 4 0 2 3
2898 4 0 3
4 4 0 3 1
2 4 1
3 4 3
1
35546 0
24 0 1
50767 0 2
114 0 2 1
2 0 2 1 4
948 0 2 3
3895 0 2 4
2 0 2 4 1
26 0 2 4 3
6036 0 3
4 0 3 2
41 0 3 4
3173 0 4
1 0 4 1
10 0 4 2
89 0 4 3
2 1
11824 1
37 1 0
1477 1 2
1 1 2 0
17 1 2 3
24 1 2 4
77502 1 3
98 1 3 0
107 1 3 2
790 1 3 4
1 1 3 4 0
1 1 3 4 2
7961 1 4
38 1 4 0
55 1 4 2
3 1 4 2 3
601 1 4 3
16565 0
14 0 1
76865 0 2
345 0 2 1
1 0 2 1 4
1357 0 2 3
63 0 2 3 4
2820 0 2 4
4 0 2 4 1
8 0 2 4 3
690 0 3
5 0 3 4
1209 0 4
15 0 4 3
72 1
2 1 4
6 4
5 4 1
4 4 3
49423 0
51 0 1
2240 0 2
5 0 2 1
45 0 2 3
46 0 2 4
38671 0 3
31 0 3 1
155 0 3 2
1 0 3 2 4
949 0 3 4
2 0 3 4 1
8051 0 4
17 0 4 1
428 0 4 2
2 0 4 2 3
88 0 4 3
1637 0
3 0 1
30 0 3
20 0 4
1 0 4 3
7254 1
59 1 0
2 1 0 2
261 1 2
1 1 2 0
3 1 2 3
2 1 2 4
27786 1 3
18 1 3 0
13 1 3 2
217 1 3 4
1 1 3 4 0
2568 1 4
2 1 4 0
45 1 4 2
30 1 4 3
3 4
54628 4 0
615 4 0 1
1 4 0 1 3
1069 4 0 2
5 4 0 2 3
3795 4 0 3
3 4 0 3 2
185 4 3
616 4 3 0
1 4 3 0 1
88 4 3 1
38446 0
39 0 1
38401 0 2
37 0 2 1
1398 0 2 3
1 0 2 3 1
7 0 2 3 4
599 0 2 4
2 0 2 4 1
5 0 2 4 3
17544 0 3
18 0 3 1
1 0 3 1 4
143 0 3 2
180 0 3 4
3792 0 4
10 0 4 2
199 0 4 3
1 4 3
1
29196 0
54 0 1
7377 0 2
45 0 2 1
114 0 2 3
81 0 2 4
1 0 2 4 3
34963 0 3
20 0 3 1
9792 0 3 2
39 0 3 2 1
1 0 3 2 1 4
104 0 3 2 4
1927 0 3 4
2619 0 4
3101 0 4 3
3 0 4 3 1
1 0 4 3 2
4203 1
4 1 0
6 1 2
6435 1 3
3 1 3 0
20 1 3 2
59 1 3 4
463 1 4
12 1 4 2
2 1 4 3
49379 0
95 0 1
7707 0 2
11 0 2 1
158 0 2 3
440 0 2 4
35063 0 3
41 0 3 1
147 0 3 2
595 0 3 4
1 0 3 4 1
6284 0 4
22 0 4 1
3 0 4 2
165 0 4 3
202 0
142 0 4
6 0 4 3
10922 1
154 1 0
5 1 0 4
456 1 2
1 1 2 0
12 1 2 4
85165 1 3
136 1 3 0
1 1 3 0 4
283 1 3 2
821 1 3 4
2798 1 4
2 1 4 2
33 1 4 3
1 1 4 3 2
31 1
6 4
2 4 0
65424 4 1
1788 4 1 0
32 4 1 0 3
521 4 1 2
3 4 1 2 0
6 4 1 2 3
32118 4 1 3
104 4 1 3 0
55 4 1 3 2
11 4 3
49274 0
47 0 1
229 0 2
1 0 2 3
3 0 2 4
30702 0 3
14 0 3 1
114 0 3 2
1 0 3 2 4
449 0 3 4
12458 0 4
22 0 4 1
65 0 4 2
6784 0 4 3
1 0 4 3 1
3 0 4 3 2
1 4
41224 0
40 0 1
17368 0 2
61 0 2 1
530 0 2 3
1 0 2 3 1
2 0 2 3 4
3953 0 2 4
4 0 2 4 1
37 0 2 4 3
14596 0 3
4 0 3 1
3524 0 3 2
8 0 3 2 1
16 0 3 2 4
1201 0 3 4
1 0 3 4 1
1 0 3 4 2
8017 0 4
2 0 4 1
9503 0 4 3
15 0 4 3 1
4 0 4 3 2
1 4
36736 0
481 0 1
1 0 1 2
2 0 1 3
23 0 1 4
98 0 2
57637 0 3
43 0 3 1
126 0 3 2
1017 0 3 4
4233 0 4
9 0 4 1
33 0 4 2
90 0 4 3
28 1
40652 0
2843 0 1
10 0 1 2
58 0 1 3
364 0 1 4
1391 0 2
15 0 2 3
16 0 2 4
48740 0 3
88 0 3 1
2 0 3 1 4
144 0 3 2
1 0 3 2 4
912 0 3 4
4000 0 4
22 0 4 1
315 0 4 3
448 1
1 1 2
2 1 3
230 1 4
1 1 4 3
3 0
12667 1
4695 1 0
21 1 0 2
3267 1 0 3
1 1 0 3 2
112 1 0 3 4
534 1 0 4
8 1 0 4 2
2 1 0 4 3
202 1 2
3 1 2 3
4 1 2 4
73273 1 3
42 1 3 0
92 1 3 2
865 1 3 4
4574 1 4
3 1 4 2
93 1 4 3
8148 1
14166 1 0
101 1 0 2
1066 1 0 3
8 1 0 3 4
10688 1 0 4
9 1 0 4 2
83 1 0 4 3
782 1 2
166 1 2 0
7 1 2 3
11 1 2 4
61635 1 3
38 1 3 0
27 1 3 2
533 1 3 4
2718 1 4
3 1 4 0
5 1 4 2
23 1 4 3
2 4
1 4 1
39 4 3
4955 0
1 0 1
639 0 3
1 0 3 1
162 0 4
1 0 4 3
8608 1
3960 1 0
18 1 0 2
49 1 0 3
63055 1 0 4
1236 1 0 4 2
13 1 0 4 2 3
738 1 0 4 3
87 1 2
2 1 2 3
7 1 2 4
14668 1 3
7 1 3 0
17 1 3 2
375 1 3 4
2 1 3 4 0
1065 1 4
7 1 4 0
867 1 4 3
38930 0
28 0 1
10550 0 2
72 0 2 1
1042 0 2 3
1 0 2 3 4
295 0 2 4
4 0 2 4 3
38346 0 3
31 0 3 1
1 0 3 1 4
23 0 3 2
863 0 3 4
1794 0 4
7325 0 4 2
2 0 4 2 1
49 0 4 2 3
8 0 4 3
960 1
216 1 3
11 1 4
5 4
2 4 3
44862 0
89 0 1
3 0 1 3
24121 0 2
71 0 2 1
512 0 2 3
2 0 2 3 4
907 0 2 4
2 0 2 4 1
5 0 2 4 3
25092 0 3
13 0 3 1
67 0 3 2
472 0 3 4
3318 0 4
5 0 4 1
1 0 4 2
463 0 4 3
16925 0
27 0 1
74 0 2
78172 0 3
34 0 3 1
162 0 3 2
1 0 3 2 4
3754 0 3 4
2 0 3 4 2
350 0 4
3 0 4 3
510 1
1 1 0
47 1 3
6 1 4
1 1 4 3
1 4
569 4 1
1 4 1 0
16 4 1 3
30649 0
24 0 1
1188 0 2
12 0 2 3
42 0 2 4
65735 0 3
32 0 3 1
137 0 3 2
1520 0 3 4
1015 0 4
92 0 4 3
305 1
1 1 0
169 1 3
1 1 3 4
20 1 4
45165 0
88 0 1
43 0 1 4
2 0 1 4 3
14912 0 2
26 0 2 1
228 0 2 3
895 0 2 4
3 0 2 4 3
27123 0 3
15 0 3 1
175 0 3 2
468 0 3 4
9527 0 4
5 0 4 1
395 0 4 2
5 0 4 2 3
1261 0 4 3
8 0 4 3 2
44307 0
486 0 1
1 0 1 2
7 0 1 3
3164 0 1 4
5 0 1 4 2
104 0 1 4 3
2631 0 2
11 0 2 1
30 0 2 3
15 0 2 4
1 0 2 4 3
43763 0 3
14 0 3 1
144 0 3 2
881 0 3 4
4198 0 4
2 0 4 1
1 0 4 2
168 0 4 3
1 0 4 3 2
308 1
125 1 3
8 1 4
5 4
2 4 3
42202 0
238 0 1
2 0 1 3
3 0 1 4
1955 0 2
17 0 2 3
289 0 2 4
1 0 2 4 1
25 0 2 4 3
41727 0 3
28 0 3 1
70 0 3 2
1 0 3 2 4
797 0 3 4
11913 0 4
10 0 4 1
921 0 4 2
1 0 4 2 1
29 0 4 2 3
518 0 4 3
3 0 4 3 2
36092 0
47 0 1
46481 0 2
83 0 2 1
861 0 2 3
10 0 2 3 1
1 0 2 3 1 4
6 0 2 3 4
4629 0 2 4
4 0 2 4 1
29 0 2 4 3
8775 0 3
7 0 3 1
7 0 3 2
72 0 3 4
3018 0 4
1 0 4 1
11 0 4 2
381 0 4 3
1 4
12365 1
1054 1 0
64 1 0 3
15 1 0 3 2
4 1 0 3 4
65 1 0 4
2 1 0 4 3
930 1 2
11 1 2 0
723 1 2 3
3 1 2 3 4
5 1 2 4
76600 1 3
60 1 3 0
160 1 3 2
1 1 3 2 0
638 1 3 4
7241 1 4
29 1 4 0
1 1 4 0 3
19 1 4 2
306 1 4 3
12400 1
167 1 0
667 1 2
2 1 2 3
7 1 2 4
80565 1 3
95 1 3 0
9 1 3 0 4
236 1 3 2
829 1 3 4
5264 1 4
11 1 4 0
29 1 4 2
55 1 4 3
4 4
2 4 0
9791 1
95 1 0
30 1 0 3
3 1 0 4
28 1 2
86979 1 3
77 1 3 0
81 1 3 2
663 1 3 4
3187 1 4
1 1 4 0
2 1 4 2
32 1 4 3
4 4
5 4 3
46836 0
36 0 1
7 0 1 4
1490 0 2
16 0 2 3
7 0 2 4
46228 0 3
29 0 3 1
52 0 3 2
1326 0 3 4
3 0 3 4 2
3772 0 4
650 0 4 3
2 0 4 3 1
43606 0
48 0 1
5627 0 2
17 0 2 1
1552 0 2 3
2 0 2 3 1
19 0 2 3 4
186 0 2 4
44900 0 3
28 0 3 1
37 0 3 2
1248 0 3 4
1 0 3 4 2
2631 0 4
14 0 4 1
59 0 4 2
44 0 4 3
209 1
7 1 3
6 1 4
1 4
3674 0
43 0 1
1492 0 3
27 0 3 4
270 0 4
2 0 4 3
9875 1
158 1 0
4 1 0 3
3874 1 2
132 1 2 0
151 1 2 3
13 1 2 3 0
2502 1 2 4
4 1 2 4 0
18 1 2 4 3
74561 1 3
273 1 3 0
91 1 3 2
5 1 3 2 4
905 1 3 4
5 1 3 4 2
2186 1 4
71 1 4 0
1 1 4 0 3
1 1 4 2
40 1 4 3
4 4
42 4 1
44540 0
49 0 1
29409 0 2
6107 0 2 1
50 0 2 1 3
110 0 2 1 4
947 0 2 3
4 0 2 3 4
588 0 2 4
14161 0 3
13 0 3 1
12 0 3 2
590 0 3 4
2804 0 4
4 0 4 2
14 0 4 3
649 1
71 1 3
11 1 4
3 4
36971 0
40 0 1
1 0 1 3
24604 0 2
2334 0 2 1
18 0 2 1 3
44 0 2 1 4
554 0 2 3
1 0 2 3 4
810 0 2 4
6 0 2 4 3
32591 0 3
27 0 3 1
2 0 3 1 4
141 0 3 2
1030 0 3 4
191 0 3 4 2
1285 0 4
2 0 4 1
26 0 4 3
26 1
2 1 4
1 4
35329 0
225 0 1
1 0 1 2
2 0 1 3
1 0 1 4
50748 0 2
157 0 2 1
1 0 2 1 4
788 0 2 3
5 0 2 3 4
9270 0 2 4
17 0 2 4 1
74 0 2 4 3
2764 0 3
36 0 3 4
1361 0 4
2 0 4 2
14 0 4 3
8876 1
357 1 0
5 1 0 3
31 1 0 4
36 1 2
89937 1 3
73 1 3 0
63 1 3 2
654 1 3 4
2 1 3 4 2
430 1 4
1 1 4 3
1 3
5 4
2 4 0
1 4 3
9 4
64647 4 0
96 4 0 1
3689 4 0 2
6 4 0 2 1
25 4 0 2 3
19989 4 0 3
23 4 0 3 1
8 4 0 3 2
11444 4 1
45 4 1 0
1 4 1 0 3
136 4 1 2
324 4 1 3
39 4 3
41024 0
58 0 1
440 0 1 2
2 0 1 2 3
4 0 1 2 4
2 0 1 3
8598 0 2
18 0 2 1
22514 0 2 3
16 0 2 3 1
267 0 2 3 4
1 0 2 3 4 1
409 0 2 4
1 0 2 4 3
11238 0 3
10 0 3 1
3 0 3 2
95 0 3 4
2905 0 4
9 0 4 1
12649 0 4 3
16 0 4 3 1
42 0 4 3 2
2 1
31090 0
20 0 1
1 0 1 3
52891 0 2
193 0 2 1
2 0 2 1 4
1133 0 2 3
5 0 2 3 1
1 0 2 3 1 4
13 0 2 3 4
2359 0 2 4
18 0 2 4 3
11037 0 3
5 0 3 1
6 0 3 2
142 0 3 4
1505 0 4
1 0 4 1
1 0 4 2
3 0 4 3
118 1
1 1 2
4 1 4
3 4
41778 0
140 0 1
9 0 1 3
2 0 1 4
1438 0 2
31 0 2 3
1 0 2 3 4
7378 0 2 4
7 0 2 4 1
43 0 2 4 3
32302 0 3
28 0 3 1
105 0 3 2
9 0 3 2 4
525 0 3 4
13026 0 4
315 0 4 1
5 0 4 1 3
34 0 4 2
1 0 4 2 3
3182 0 4 3
27 1
1 1 4
2758 0
1 0 1
1 0 2
9002 0 3
4 0 3 1
9 0 3 2
94 0 3 4
73 0 4
11573 1
281 1 0
6 1 0 4
275 1 2
3 1 2 3
67151 1 3
38 1 3 0
57 1 3 2
538 1 3 4
8073 1 4
5 1 4 0
62 1 4 2
235 1 4 3
1 4
44220 0
103 0 1
1 0 1 3
25069 0 2
166 0 2 1
1 0 2 1 4
705 0 2 3
7 0 2 3 4
1087 0 2 4
2 0 2 4 1
2 0 2 4 3
25904 0 3
32 0 3 1
1 0 3 1 4
20 0 3 2
576 0 3 4
2999 0 4
31 0 4 1
4 0 4 2
114 0 4 3
30521 0
25 0 1
167 0 2
65357 0 3
28 0 3 1
1218 0 3 2
17 0 3 2 4
2152 0 3 4
2 0 3 4 2
1012 0 4
1 0 4 1
17 0 4 3
1 1
1 1 0
1 4
7 4
74971 4 0
778 4 0 1
7 4 0 1 3
2844 4 0 2
1 4 0 2 1
22 4 0 2 3
21285 4 0 3
137 4 0 3 1
28 4 0 3 2
229 4 3
28681 0
40 0 1
9282 0 2
65 0 2 1
1 0 2 1 3
71 0 2 3
1 0 2 3 4
253 0 2 4
4 0 2 4 3
33732 0 3
25 0 3 1
37 0 3 2
1865 0 3 4
2 0 3 4 1
1666 0 4
1 0 4 1
10 0 4 3
6416 1
74 1 0
2 1 0 3
665 1 2
47 1 2 3
29 1 2 4
15532 1 3
45 1 3 0
9 1 3 2
99 1 3 4
1521 1 4
4 1 4 2
21 1 4 3
32677 0
25 0 1
48321 0 2
84 0 2 1
2244 0 2 3
10 0 2 3 4
1149 0 2 4
3 0 2 4 3
8286 0 3
5 0 3 1
3 0 3 2
203 0 3 4
4804 0 4
5 0 4 1
290 0 4 2
238 0 4 3
704 1
5 1 2
1388 1 3
12 1 3 4
41 1 4
2 3 4
9 4 0
1 4 1
2 4 3
11972 1
44 1 0
110 1 2
1 1 2 3
83938 1 3
337 1 3 0
162 1 3 2
1 1 3 2 4
1162 1 3 4
2455 1 4
271 1 4 0
2 1 4 0 3
1 1 4 2
44 1 4 3
2 4
105 4 0
6 4 0 3
40148 0
118 0 1
8 0 1 3
1 0 1 4
28921 0 2
65 0 2 1
1 0 2 1 4
4025 0 2 3
5 0 2 3 1
25 0 2 3 4
578 0 2 4
3 0 2 4 3
18148 0 3
7 0 3 1
8 0 3 2
1 0 3 2 4
1663 0 3 4
4 0 3 4 1
3 0 3 4 2
6391 0 4
8 0 4 1
11 0 4 2
115 0 4 3
2 4
43527 0
130 0 1
2 0 1 4
869 0 2
9 0 2 3
190 0 2 4
50418 0 3
13 0 3 1
162 0 3 2
2 0 3 2 4
595 0 3 4
4067 0 4
2 0 4 2
133 0 4 3
1 4
11007 1
623 1 0
8 1 0 3
1 1 0 4
556 1 2
4 1 2 3
37 1 2 4
80453 1 3
171 1 3 0
1 1 3 0 4
34 1 3 2
754 1 3 4
1 1 3 4 0
6522 1 4
9 1 4 0
5 1 4 2
135 1 4 3
1 4
2 4 3
41006 0
30 0 1
2 0 1 3
27197 0 2
96 0 2 1
1 0 2 1 3
1 0 2 1 4
8102 0 2 3
900 0 2 3 1
20 0 2 3 1 4
41 0 2 3 4
659 0 2 4
1 0 2 4 3
19096 0 3
5 0 3 1
74 0 3 2
1 0 3 2 4
625 0 3 4
1 0 3 4 1
2486 0 4
1 0 4 1
59 0 4 3
1 0
10725 1
29 1 0
8828 1 2
22242 1 2 0
197 1 2 0 3
316 1 2 0 4
2 1 2 0 4 3
504 1 2 3
1 1 2 3 0
1 1 2 3 4
3454 1 2 4
174 1 2 4 0
1 1 2 4 0 3
472 1 2 4 3
45162 1 3
23 1 3 0
30 1 3 2
432 1 3 4
7657 1 4
64 1 4 0
43 1 4 2
213 1 4 3
2 4
1
34814 0
93 0 1
7 0 1 3
47943 0 2
3310 0 2 1
19 0 2 1 3
23 0 2 1 4
4133 0 2 3
167 0 2 3 1
1 0 2 3 1 4
44 0 2 3 4
1097 0 2 4
2 0 2 4 1
2 0 2 4 3
2678 0 3
4 0 3 1
49 0 3 4
5394 0 4
6 0 4 1
1 0 4 1 3
83 0 4 2
291 0 4 3
1 4
10833 1
191 1 0
7 1 0 3
192 1 2
80997 1 3
73 1 3 0
98 1 3 2
721 1 3 4
7793 1 4
23 1 4 0
8 1 4 2
167 1 4 3
16092 0
18 0 1
46 0 2
4 0 2 3
7537 0 3
1 0 3 1
4 0 3 2
94 0 3 4
1799 0 4
4 0 4 1
1 0 4 2
38 0 4 3
8124 1
370 1 0
5 1 0 3
5 1 0 4
21 1 2
2 1 2 4
56601 1 3
91 1 3 0
54 1 3 2
699 1 3 4
14 1 3 4 2
8762 1 4
14 1 4 0
26 1 4 2
336 1 4 3
2 4
36399 0
98 0 1
1 0 1 2
2 0 1 4
31820 0 2
207 0 2 1
1 0 2 1 3
4 0 2 1 4
421 0 2 3
6 0 2 3 4
1246 0 2 4
46 0 2 4 3
23168 0 3
5 0 3 1
1082 0 3 2
24 0 3 2 4
300 0 3 4
1 0 3 4 2
1585 0 4
1 0 4 1
16 0 4 3
1506 1
5 1 0
5 1 2
1689 1 3
47 1 3 4
811 1 4
11 1 4 3
3 4
40602 0
203 0 1
3 0 1 3
1 0 1 4
574 0 2
1 0 2 1
1615 0 2 3
9 0 2 3 4
2 0 2 4
48542 0 3
51 0 3 1
1 0 3 1 4
111 0 3 2
715 0 3 4
1636 0 4
69 0 4 3
1596 1
5 1 0
29 1 2
4592 1 3
4 1 3 0
1 1 3 2
56 1 3 4
187 1 4
1 4
41785 0
78 0 1
16399 0 2
20 0 2 1
1689 0 2 3
2 0 2 3 1
7 0 2 3 4
348 0 2 4
8 0 2 4 3
26397 0 3
9 0 3 1
119 0 3 2
1 0 3 2 4
524 0 3 4
6151 0 4
7 0 4 1
32 0 4 2
5436 0 4 3
4 0 4 3 1
3 0 4 3 2
1227 1
68 1 0
1 1 2
36 1 3
62 1 4
1 4
10942 1
6513 1 0
122 1 0 2
92 1 0 3
1 1 0 3 4
2736 1 0 4
11 1 0 4 2
38 1 0 4 3
309 1 2
1 1 2 3
1 1 2 4
75325 1 3
50 1 3 0
42 1 3 2
663 1 3 4
1 1 3 4 2
3432 1 4
9 1 4 0
15 1 4 2
92 1 4 3
1 4
34144 0
187 0 1
3 0 1 3
3317 0 2
4 0 2 1
90 0 2 3
97 0 2 4
28412 0 3
17 0 3 1
1242 0 3 2
1 0 3 2 1
9 0 3 2 4
374 0 3 4
29039 0 4
1053 0 4 1
2 0 4 1 2
2 0 4 1 3
32 0 4 2
2027 0 4 3
2 0 4 3 2
2 1
1 4
41921 0
86 0 1
3 0 1 4
5869 0 2
7 0 2 1
330 0 2 3
1 0 2 3 4
639 0 2 4
2 0 2 4 1
4 0 2 4 3
43329 0 3
17 0 3 1
104 0 3 2
709 0 3 4
6545 0 4
20 0 4 1
346 0 4 3
241 1
4 1 3
4 1 4
1 4
24470 0
62 0 1
2 0 1 4
46046 0 2
439 0 2 1
13 0 2 1 3
6 0 2 1 4
1889 0 2 3
1 0 2 3 1
15 0 2 3 4
1552 0 2 4
1 0 2 4 1
8 0 2 4 3
24598 0 3
40 0 3 1
64 0 3 2
1 0 3 2 1
604 0 3 4
740 0 4
1 0 4 1
2 0 4 2
2 0 4 3
1 4
9034 1
79 1 0
3 1 0 3
2 1 0 4
1101 1 2
3 1 2 0
33 1 2 3
143 1 2 4
1 1 2 4 3
76413 1 3
47 1 3 0
93 1 3 2
719 1 3 4
1 1 3 4 0
12120 1 4
6 1 4 0
28 1 4 2
375 1 4 3
1 1 4 3 2
1 4
7772 1
33 1 0
376 1 2
1 1 2 0
34 1 2 3
3 1 2 4
83646 1 3
216 1 3 0
122 1 3 2
2 1 3 2 4
800 1 3 4
3 1 3 4 2
5278 1 4
2795 1 4 0
24 1 4 0 3
1 1 4 2
100 1 4 3
4 4
9932 1
142 1 0
2 1 0 3
14 1 0 4
27 1 2
18553 1 3
8 1 3 0
6 1 3 2
321 1 3 4
2 1 3 4 2
4453 1 4
2425 1 4 0
1 1 4 0 2
10 1 4 0 3
46235 1 4 2
1753 1 4 2 0
11 1 4 2 0 3
16176 1 4 2 3
24 1 4 2 3 0
87 1 4 3
43199 0
672 0 1
41 0 1 3
833 0 1 4
4 0 1 4 3
6563 0 2
14 0 2 1
2 0 2 1 3
132 0 2 3
1909 0 2 4
9 0 2 4 3
42154 0 3
26 0 3 1
1 0 3 1 4
95 0 3 2
6 0 3 2 4
895 0 3 4
1 0 3 4 1
2 0 3 4 2
3499 0 4
8 0 4 1
5 0 4 2
120 0 4 3
2 4
8 0
7 0 2
74852 0 4
609 0 4 1
4 0 4 1 2
5 0 4 1 3
19325 0 4 2
18 0 4 2 1
129 0 4 2 3
5390 0 4 3
4 0 4 3 2
1 4
41631 0
41 0 1
1 0 1 3
2120 0 2
1284 0 2 1
2 0 2 1 3
8 0 2 1 4
391 0 2 3
22 0 2 4
45951 0 3
16 0 3 1
69 0 3 2
1 0 3 2 4
1107 0 3 4
2931 0 4
2 0 4 1
5 0 4 2
68 0 4 3
3475 1
16 1 0
13 1 2
1 1 2 3
618 1 3
1 1 3 0
2 1 3 4
725 1 4
14 1 4 0
2 1 4 3
10658 1
23 1 0
494 1 2
7 1 2 3
5 1 2 4
87140 1 3
126 1 3 0
1 1 3 0 4
22 1 3 2
587 1 3 4
1257 1 4
46 1 4 3
1 0
9781 1
65 1 0
1 1 0 4
72 1 2
1 1 2 0
1 1 2 4
88310 1 3
79 1 3 0
104 1 3 2
639 1 3 4
4 1 3 4 2
1041 1 4
7 1 4 0
12 1 4 3
3 4
9 4 0
3 4 3
1630 0
1 0 1
1 0 2
465 0 3
106 0 4
1 0 4 1
7805 1
21 1 0
63 1 2
86161 1 3
111 1 3 0
25 1 3 0 4
69 1 3 2
884 1 3 4
2 1 3 4 2
2850 1 4
1 1 4 0
5 1 4 2
38 1 4 3
44071 0
177 0 1
2 0 1 3
14 0 1 4
705 0 2
18 0 2 3
4 0 2 4
47046 0 3
28 0 3 1
86 0 3 2
1 0 3 2 4
979 0 3 4
4615 0 4
1957 0 4 1
49 0 4 1 3
2 0 4 1 3 2
9 0 4 2
120 0 4 3
303 1
8 1 0
62 1 3
2 1 3 4
18 1 4
28985 0
85 0 1
4 0 1 3
116 0 2
1 0 2 1
36446 0 3
51 0 3 1
258 0 3 2
1 0 3 2 4
723 0 3 4
1 0 3 4 1
2 0 3 4 2
3964 0 4
5 0 4 1
57 0 4 3
3106 1
5 1 0
21 1 2
25343 1 3
14 1 3 0
34 1 3 2
279 1 3 4
1 1 3 4 0
775 1 4
4 1 4 0
4 1 4 2
30 1 4 3
46405 0
285 0 1
61 0 1 3
4 0 1 4
5474 0 2
88 0 2 3
111 0 2 4
34423 0 3
26 0 3 1
204 0 3 2
577 0 3 4
11308 0 4
8 0 4 1
50 0 4 2
1187 0 4 3
1 0 4 3 1
47963 0
36 0 1
2670 0 2
4 0 2 1
30 0 2 3
12 0 2 4
35200 0 3
17 0 3 1
37 0 3 2
731 0 3 4
1 0 3 4 2
9382 0 4
6 0 4 1
23 0 4 2
4650 0 4 3
4 0 4 3 1
7 0 4 3 2
10251 1
93 1 0
6 1 0 4
64 1 2
6 1 2 3
86882 1 3
50 1 3 0
480 1 3 2
7 1 3 2 0
1 1 3 2 4
1008 1 3 4
1 1 3 4 2
2367 1 4
31 1 4 0
1 1 4 0 3
3 1 4 2
34 1 4 3
12475 1
1631 1 0
86 1 0 3
34 1 0 4
594 1 2
1 1 2 0
169 1 2 4
1 1 2 4 3
77264 1 3
56 1 3 0
1 1 3 0 4
70 1 3 2
855 1 3 4
6919 1 4
4 1 4 0
19 1 4 2
109 1 4 3
45778 0
194 0 1
1 0 1 4
510 0 2
2 0 2 1
21 0 2 3
40544 0 3
37 0 3 1
456 0 3 2
7 0 3 2 4
1552 0 3 4
6 0 3 4 2
8920 0 4
11 0 4 1
125 0 4 2
2 0 4 2 3
2163 0 4 3
5 0 4 3 1
4 0 4 3 2
36242 0
184 0 1
27 0 1 4
24430 0 2
29 0 2 1
1677 0 2 3
1 0 2 3 1
23 0 2 3 4
724 0 2 4
1 0 2 4 1
8 0 2 4 3
28200 0 3
15 0 3 1
36 0 3 2
862 0 3 4
3776 0 4
109 0 4 3
1443 1
1 1 0
1745 1 3
1 1 3 0
11 1 3 2
6 1 3 4
220 1 4
2 1 4 0
2 1 4 2
2 1 4 3
3 4
217 4 0
66 4 3
9763 1
81 1 0
1 1 0 3
408 1 2
8 1 2 4
88025 1 3
54 1 3 0
71 1 3 2
714 1 3 4
1379 1 4
35 1 4 3
38752 0
62 0 1
6374 0 2
30 0 2 1
1 0 2 1 4
103 0 2 3
1 0 2 3 4
738 0 2 4
1 0 2 4 1
1 0 2 4 3
29852 0 3
5 0 3 1
42 0 3 2
7487 0 3 4
1 0 3 4 1
6 0 3 4 2
14612 0 4
189 0 4 1
9 0 4 1 3
960 0 4 2
8 0 4 2 3
1038 0 4 3
2 0 4 3 2
1 4
11580 1
557 1 0
4 1 0 2
19 1 0 3
74 1 0 4
169 1 2
3 1 2 3
65393 1 3
37 1 3 0
47 1 3 2
462 1 3 4
3601 1 4
13 1 4 0
2 1 4 2
32 1 4 3
2 4
3860 4 0
2 4 0 1
1 4 0 2
14275 4 0 3
32 4 0 3 1
20 4 0 3 2
5466 0
5 0 1
3359 0 2
3 0 2 1
34 0 2 3
63 0 2 4
997 0 3
3 0 3 4
1635 0 4
45 0 4 3
9327 1
93 1 0
2732 1 2
82 1 2 3
510 1 2 4
189 1 2 4 0
4 1 2 4 0 3
24 1 2 4 3
68355 1 3
55 1 3 0
63 1 3 2
514 1 3 4
6043 1 4
2 1 4 2
542 1 4 3
2 4
36258 0
44 0 1
1 0 1 3
44003 0 2
1901 0 2 1
13 0 2 1 3
33 0 2 1 4
931 0 2 3
2 0 2 3 4
5173 0 2 4
5 0 2 4 1
49 0 2 4 3
4377 0 3
3 0 3 1
9 0 3 2
18 0 3 4
7318 0 4
56 0 4 1
66 0 4 2
283 0 4 3
1 0 4 3 1
3 4
57 4 0
88 4 3
43189 0
137 0 1
31247 0 2
46 0 2 1
2 0 2 1 4
836 0 2 3
1 0 2 3 1
7 0 2 3 4
2948 0 2 4
17 0 2 4 3
17900 0 3
13 0 3 1
30 0 3 2
190 0 3 4
3417 0 4
3 0 4 1
5 0 4 2
97 0 4 3
12 1
5 4
14 4 3
1 0
11572 1
583 1 0
178 1 0 3
3 1 0 3 4
37 1 0 4
163 1 2
1 1 2 4
84067 1 3
56 1 3 0
49 1 3 2
5 1 3 2 4
804 1 3 4
2831 1 4
4 1 4 0
3 1 4 2
34 1 4 3
5820 1
9 1 0
21 1 2
2600 1 3
23 1 3 4
23106 1 4
63778 1 4 0
3052 1 4 0 2
19 1 4 0 2 3
1105 1 4 0 3
1 1 4 0 3 2
64 1 4 2
690 1 4 3
34717 0
89 0 1
3 0 1 3
1335 0 2
1 0 2 1
9 0 2 3
5 0 2 4
61199 0 3
41 0 3 1
3 0 3 1 4
443 0 3 2
2 0 3 2 4
1698 0 3 4
1068 0 4
12 0 4 2
13 0 4 3
8 4
44829 0
29 0 1
1853 0 2
89 0 2 3
7 0 2 4
37721 0 3
7 0 3 1
41 0 3 2
1 0 3 2 4
362 0 3 4
5064 0 4
2 0 4 1
30 0 4 2
9841 0 4 3
20 0 4 3 1
3 0 4 3 2
45 1
1 1 0
40 1 3
4 4
39 4 3
12452 1
287 1 0
7 1 0 3
194 1 0 4
2 1 0 4 3
2530 1 2
163 1 2 0
196 1 2 3
272 1 2 4
1 1 2 4 3
75837 1 3
172 1 3 0
3 1 3 0 4
120 1 3 2
576 1 3 4
4428 1 4
3237 1 4 0
1 1 4 0 2
23 1 4 0 3
119 1 4 3
12000 0
3 0 1
1 0 1 3
40 0 2
5715 0 3
4 0 3 1
1 0 3 2
943 0 3 4
474 0 4
8356 1
51 1 0
310 1 2
10 1 2 3
3 1 2 4
71430 1 3
58 1 3 0
58 1 3 2
478 1 3 4
1408 1 4
19 1 4 3
5 4
3 4 3
39008 0
321 0 1
2 0 1 3
16 0 1 4
313 0 2
2 0 2 3
32 0 2 4
30814 0 3
25 0 3 1
175 0 3 2
5 0 3 2 1
1 0 3 2 4
391 0 3 4
1 0 3 4 1
1 0 3 4 2
26812 0 4
58 0 4 1
7 0 4 1 3
268 0 4 2
1 0 4 2 3
1997 0 4 3
3 0 4 3 1
3 0 4 3 2
2 4
