14313
73890 0
27 0 1
34 0 2
247 0 3
3 0 3 4
434 0 4
1 0 4 3
4159 1
18 1 3
9 1 4
870 3
6136 4
3 4 0
1 4 2
31 4 3
14994
78122 0
83 0 1
54 0 2
233 0 3
558 0 4
1 0 4 3
11 1
402 3
1 3 4
6089 4
1 4 0
2 4 1
95 4 3
14453
7085 0
2 0 1
115 0 2
1 0 2 4
30 0 3
36 0 4
58551 1
28 1 0
67 1 2
1 1 2 4
161 1 3
317 1 4
2 2
3506 3
9 3 4
8776 4
7285 4 0
1 4 0 1
4 4 0 2
11 4 0 3
1 4 1
37 4 3
14103
35 0
41660 1
18 1 0
60 1 2
264 1 3
296 1 4
4 1 4 0
3 2
1092 3
6 3 4
43738 4
35 4 0
46 4 1
10 4 2
168 4 3
14224
35613 0
20 0 1
15 0 2
356 0 3
130 0 4
22530 1
9 1 0
9 1 2
99 1 3
155 1 4
1199 3
3 3 4
25848 4
5 4 0
53 4 1
213 4 3
14245
41560 0
11 0 1
11 0 2
197 0 3
5 0 3 4
223 0 4
1 0 4 2
1 0 4 3
223 1
12 1 4
539 3
32 3 0
42351 4
44 4 0
20 4 1
20 4 2
826 4 3
14295
47043 0
24 0 1
29 0 2
206 0 3
7 0 3 4
316 0 4
175 1
1 1 4
2332 3
23 3 0
8 3 4
36131 4
2 4 0
32 4 1
104 4 2
132 4 3
15258
80707 0
85 0 1
46 0 2
1 0 2 3
256 0 3
433 0 4
2 0 4 3
1458 1
3 1 2
1 1 3
2 1 4
1 2
259 3
2553 4
2 4 3
13429
21 0
21095 1
29 1 0
29 1 2
213 1 3
157 1 4
2 1 4 3
1 2
1008 3
19 3 4
63742 4
787 4 0
1 4 0 2
1 4 0 3
153 4 1
12 4 2
504 4 3
14932
79239 0
54 0 1
1 0 1 4
34 0 2
341 0 3
287 0 4
2079 1
1 1 0
4 1 3
1 1 4
2 2
189 3
3350 4
11 4 3
14846
3906 0
5 0 3
25 0 4
78016 1
85 1 0
30 1 2
844 1 3
2 1 3 0
3 1 3 4
535 1 4
1 2
435 3
2217 4
1 4 0
6 4 3
13215
15435 0
1 0 1
51 0 2
3 0 2 3
130 0 3
112 0 4
1 0 4 3
2431 1
3 1 0
7 1 2
1 1 3
13 1 4
1 2
2390 3
4 3 4
66192 4
66 4 0
159 4 1
186 4 2
1013 4 3
2 4 3 2
15056
72588 0
28 0 1
20 0 2
355 0 3
1 0 3 2
7 0 3 4
368 0 4
1 0 4 2
3 1
1 2
920 3
5 3 4
11068 4
4 4 1
18 4 3
13282
2211 0
14 0 3
3 0 4
3886 1
5 1 2
34 1 3
42 1 4
1 1 4 3
1441 3
2 3 4
71134 4
587 4 0
3 4 0 3
117 4 1
45 4 2
8245 4 3
9 4 3 0
5 4 3 1
8 4 3 2
14267
47101 0
37 0 1
19 0 2
214 0 3
306 0 4
3 1
2 2
741 3
1 3 4
37568 4
12 4 0
10 4 1
35 4 2
165 4 3
14600
28124 0
29 0 1
22 0 2
181 0 3
1 0 3 4
172 0 4
39712 1
4 1 0
35 1 2
343 1 3
245 1 4
1 1 4 3
1 2
3469 3
1 3 1
31 3 4
13859 4
1 4 0
1 4 1
1 4 2
55 4 3
13733
64420 0
48 0 1
44 0 2
284 0 3
691 0 4
1 0 4 3
34 1
6 2
5666 3
1 3 0
105 3 4
15080 4
2 4 0
2 4 1
31 4 2
104 4 3
14844
2460 0
2 0 3
50 0 4
81199 1
38 1 0
56 1 2
361 1 3
261 1 4
2 1 4 3
1 2
227 3
1 3 2
1292 4
9 4 3
13595
3 0
2871 1
4 1 2
24 1 3
26 1 4
276 3
74605 4
254 4 0
1 4 0 2
6929 4 1
8 4 1 0
5 4 1 2
48 4 1 3
40 4 2
2164 4 3
15303
80125 0
31 0 1
17 0 2
249 0 3
512 0 4
3 0 4 3
499 1
2 2
556 3
3925 4
3 4 1
4 4 3
14306
69025 0
22 0 1
40 0 2
206 0 3
1 0 3 4
338 0 4
1 0 4 3
15 1
584 3
12 3 4
15992 4
33 4 0
23 4 2
150 4 3
14267
56888 0
25 0 1
12 0 2
212 0 3
633 0 4
8 0 4 3
6157 1
4 1 0
34 1 3
11 1 4
7081 3
523 3 0
2 3 0 4
1 3 1
53 3 4
14894 4
3 4 0
2 4 1
4 4 2
117 4 3
14538
65017 0
114 0 1
1 0 1 3
1 0 1 4
31 0 2
202 0 3
516 0 4
1 0 4 3
14437 1
1 1 0
1 1 2
62 1 3
55 1 4
579 3
1 3 4
5236 4
3 4 1
2 4 2
48 4 3
14468
4739 0
2 0 3
3 0 4
75313 1
13 1 0
23 1 2
264 1 3
2 1 3 4
576 1 4
1 1 4 3
1 2
1966 3
1 3 1
5 3 4
3259 4
3 4 2
10 4 3
13414
124 0
38362 1
832 1 0
4 1 0 3
28 1 0 4
17 1 2
219 1 3
1 1 3 2
216 1 4
1 1 4 3
4123 3
2 3 1
45 3 4
39612 4
44 4 0
473 4 1
1 4 1 3
7 4 2
3152 4 3
13 4 3 0
1 4 3 1
2 4 3 2
14966
6002 0
11 0 2
6 0 3
22 0 4
75353 1
54 1 0
2 1 0 4
24 1 2
4 1 2 3
266 1 3
1 1 3 4
291 1 4
455 3
2 3 0
10 3 4
3582 4
1 4 2
2 4 3
13797
30822 0
9 0 1
41 0 2
137 0 3
208 0 4
1 0 4 3
12268 1
3 1 0
1 1 2
60 1 3
45 1 4
2 2
2044 3
2 3 2
11 3 4
41005 4
10 4 0
13 4 1
10 4 2
192 4 3
1 4 3 1
1 4 3 2
15440
76959 0
14 0 1
19 0 2
631 0 3
1 0 3 1
2 0 3 4
403 0 4
1 0 4 2
3 0 4 3
12 1
3 2
331 3
1 3 4
7583 4
8 4 0
2 4 2
75 4 3
12962
15730 0
11 0 1
19 0 2
168 0 3
1 0 3 1
4 0 3 4
84 0 4
4612 1
1 1 0
1 1 2
16 1 3
33 1 4
1 2
4717 3
77 3 1
6 3 4
56960 4
202 4 0
5285 4 1
1 4 1 0
18 4 1 2
18 4 1 3
17 4 2
326 4 3
14262
77708 0
112 0 1
26 0 2
307 0 3
1 0 3 1
1 0 3 4
504 0 4
2254 1
3 1 3
36 1 4
4 2
486 3
6 3 4
4401 4
9 4 3
15313
83533 0
26 0 1
20 0 2
5 0 2 4
362 0 3
552 0 4
1 0 4 3
160 1
196 3
516 4
13442
20520 0
55 0 1
12 0 2
140 0 3
108 0 4
7545 1
2 1 2
63 1 3
65 1 4
3 2
3398 3
44 3 1
2 3 2
24 3 4
53940 4
37 4 0
197 4 1
1 4 1 3
6 4 2
1127 4 3
1 4 3 0
14200
68874 0
19 0 1
60 0 2
1 0 2 3
256 0 3
235 0 4
3 0 4 3
9 1
2 2
2614 3
1 3 0
1 3 1
14 3 4
13884 4
252 4 0
372 4 3
15292
75255 0
47 0 1
25 0 2
299 0 3
260 0 4
2 1
188 3
10045 4
10 4 0
47 4 1
18 4 3
15487
79 0
83549 1
22 1 0
32 1 2
453 1 3
2 1 3 4
721 1 4
1 1 4 3
1 2
33 3
438 4
13929
13 0
45503 1
49 1 0
34 1 2
237 1 3
244 1 4
1 1 4 3
2 2
1126 3
39381 4
83 4 0
21 4 1
24 4 2
261 4 3
13697
162 0
41556 1
22 1 0
35 1 2
186 1 3
372 1 4
1 1 4 3
4 2
2637 3
25 3 4
41375 4
75 4 0
10 4 1
5 4 2
705 4 3
2 4 3 2
15138
78221 0
23 0 1
21 0 2
264 0 3
822 0 4
2 0 4 3
9 1
1 2
319 3
6194 4
1 4 0
5 4 3
14402
59497 0
26 0 1
218 0 2
12 0 2 4
299 0 3
1 0 3 2
288 0 4
10886 1
4 1 0
7 1 2
23 1 3
42 1 4
974 3
14 3 4
13937 4
34 4 0
2 4 1
1 4 2
43 4 3
13855
466 0
2 0 3
6 0 4
36373 1
20 1 0
47 1 2
142 1 3
1 1 3 2
178 1 4
1 1 4 3
2 2
272 3
48542 4
27 4 0
119 4 1
28 4 2
672 4 3
13876
22833 0
11 0 1
3 0 2
138 0 3
1 0 3 4
88 0 4
37023 1
8 1 0
10 1 2
156 1 3
4 1 3 4
146 1 4
2 2
4475 3
3 3 0
3 3 4
21589 4
45 4 0
23 4 1
3 4 2
69 4 3
15158
60015 0
10 0 1
1 0 1 3
20 0 2
353 0 3
1 0 3 4
271 0 4
20398 1
5 1 0
10 1 2
65 1 3
67 1 4
2 2
363 3
3811 4
1 4 1
20 4 3
15164
83143 0
43 0 1
1 0 1 3
50 0 2
1 0 2 4
252 0 3
303 0 4
559 1
24 1 3
1 2
468 3
626 4
5 4 3
12861
13 0
26913 1
132 1 0
39 1 2
194 1 3
276 1 4
2 2
4108 3
3 3 1
2 3 2
4 3 4
54915 4
133 4 0
26 4 1
18 4 2
568 4 3
12857
43 0
6 1
1 2
1025 3
1 3 1
11 3 4
74478 4
5473 4 0
3 4 0 1
17 4 0 2
126 4 0 3
2857 4 1
1 4 1 0
10 4 1 2
17 4 1 3
16 4 2
3861 4 3
3 4 3 0
3 4 3 1
7 4 3 2
14259
73874 0
38 0 1
1 0 1 2
44 0 2
176 0 3
285 0 4
1 0 4 1
2 0 4 3
1970 1
1 1 2
6 1 3
1 1 4
1 2
2371 3
23 3 4
7245 4
3 4 0
50 4 3
14490
58444 0
15 0 1
368 0 2
3 0 2 3
262 0 3
2 0 3 4
259 0 4
1 0 4 3
1697 1
1 1 2
1 1 3
1 1 4
3 2
25 2 3
371 3
1 3 4
24802 4
45 4 0
7 4 1
3 4 2
86 4 3
13922
62230 0
64 0 1
20 0 2
888 0 3
2 0 3 4
305 0 4
13192 1
3 1 0
3 1 2
38 1 3
30 1 4
3914 3
2 3 0
25 3 1
5 3 4
5848 4
2 4 0
1 4 2
13 4 3
13980
10935 0
2 0 1
2 0 2
21 0 3
15 0 4
55569 1
10 1 0
34 1 2
276 1 3
3 1 3 4
364 1 4
4 2
498 3
18768 4
1 4 0
1 4 1
9 4 2
64 4 3
1 4 3 1
14203
64831 0
34 0 1
1 0 1 4
11 0 2
207 0 3
300 0 4
209 1
1 2
1859 3
6 3 4
19194 4
1 4 0
6 4 2
173 4 3
1 4 3 2
14871
72880 0
40 0 1
13 0 2
689 0 3
428 0 4
1 0 4 3
3256 1
153 1 0
17 1 2
9 1 3
4 1 4
1 2
726 3
8919 4
48 4 3
13269
22 0
12 1
1 2
848 3
73304 4
3468 4 0
4 4 0 1
3 4 0 2
15 4 0 3
57 4 1
32 4 2
9611 4 3
12 4 3 0
4 4 3 1
10 4 3 2
14771
5072 0
1 0 1
13 0 3
16 0 4
76294 1
40 1 0
42 1 2
183 1 3
472 1 4
2 1 4 3
730 3
3483 4
3 4 1
2 4 3
13482
32717 0
25 0 1
34 0 2
1 0 2 3
91 0 3
1 0 3 4
297 0 4
2 0 4 3
8309 1
3 1 0
6 1 2
48 1 3
13 1 4
5350 3
13 3 0
5 3 1
729 3 4
39056 4
138 4 0
40 4 1
15 4 2
345 4 3
13873
75 0
25530 1
6 1 0
24 1 2
180 1 3
113 1 4
1 1 4 3
1 2
434 3
1 3 4
59917 4
108 4 0
29 4 1
62 4 2
328 4 3
1 4 3 2
13983
64158 0
12 0 1
35 0 2
161 0 3
498 0 4
7 1
1 2
1057 3
3 3 0
2 3 4
20498 4
5 4 0
2 4 1
4 4 2
125 4 3
13712
77945 0
20 0 1
30 0 2
323 0 3
1 0 3 4
456 0 4
209 1
7 1 3
1287 3
11 3 4
6765 4
36 4 3
13566
285 0
34928 1
11 1 0
7 1 2
156 1 3
18 1 3 0
337 1 4
1 1 4 2
1 1 4 3
1 2
2015 3
1 3 0
2 3 4
48195 4
97 4 0
123 4 1
17 4 2
753 4 3
15754
83950 0
37 0 1
1 0 1 4
58 0 2
411 0 3
1 0 3 2
331 0 4
1 0 4 3
7 1
164 3
285 4
1 4 2
13863
2193 0
4 0 2
9 0 3
4 0 4
32903 1
15 1 0
1 1 0 4
34 1 2
1 1 2 4
123 1 3
206 1 4
1 1 4 2
1 1 4 3
2 2
449 3
1 3 4
50708 4
10 4 0
6 4 1
10 4 2
426 4 3
14122
58497 0
19 0 1
27 0 2
273 0 3
2 0 3 4
324 0 4
1 0 4 3
17 1
1872 3
6 3 4
25219 4
5 4 0
41 4 1
5 4 2
174 4 3
13136
50 0
48412 1
10 1 0
19 1 2
206 1 3
240 1 4
4 2
5068 3
1 3 0
75 3 1
44 3 4
33369 4
5 4 0
5 4 1
28 4 2
96 4 3
13837
5791 0
2 0 1
2 0 2
22 0 3
34 0 4
50220 1
10 1 0
36 1 2
233 1 3
233 1 4
2 2
1352 3
1 3 0
15 3 4
28673 4
3 4 0
63 4 1
4 4 2
125 4 3
14015
28900 0
36 0 1
2 0 1 3
17 0 2
162 0 3
200 0 4
28032 1
10 1 0
5 1 2
78 1 3
105 1 4
3 2
636 3
2 3 1
19 3 4
27814 4
1 4 0
5 4 1
5 4 2
207 4 3
15795
42535 0
13 0 1
11 0 2
224 0 3
137 0 4
39966 1
13 1 0
14 1 2
178 1 3
1 1 3 4
233 1 4
1 2
162 3
1836 4
8 4 1
1 4 3
14115
50200 0
34 0 1
122 0 2
2 0 2 3
196 0 3
217 0 4
11871 1
9 1 0
2 1 2
28 1 3
40 1 4
2580 3
1 3 0
1 3 1
1 3 4
20780 4
1 4 0
20 4 1
1 4 2
179 4 3
14481
7 0
54672 1
31 1 0
103 1 2
225 1 3
1 1 3 0
319 1 4
1 2
161 3
1 3 4
30258 4
31 4 0
8 4 1
5 4 2
149 4 3
13180
43209 0
9 0 1
24 0 2
173 0 3
351 0 4
839 1
3 1 3
1 1 4
1 2
1364 3
1 3 2
41267 4
44 4 0
44 4 1
283 4 3
14806
41907 0
18 0 1
18 0 2
185 0 3
1 0 3 4
484 0 4
3 0 4 3
28833 1
5 1 0
11 1 2
108 1 3
88 1 4
2 2
941 3
41 3 4
13507 4
4 4 0
1 4 1
3 4 2
108 4 3
14802
75638 0
17 0 1
21 0 2
1 0 2 4
264 0 3
352 0 4
2 0 4 2
2 0 4 3
2 1
2 2
587 3
2 3 4
8729 4
25 4 0
4 4 1
2 4 2
41 4 3
14675
88 0
1 0 3
76257 1
24 1 0
15 1 2
431 1 3
1 1 3 4
620 1 4
2 1 4 2
6 1 4 3
1 2
1756 3
1 3 2
5 3 4
7286 4
2 4 0
22 4 1
7 4 3
14014
1011 0
5 0 3
57543 1
160 1 0
45 1 2
396 1 3
1 1 3 0
1 1 3 4
221 1 4
3 1 4 0
1520 3
8 3 4
25203 4
7 4 0
78 4 1
1 4 2
203 4 3
14528
3 0
80481 1
56 1 0
41 1 2
1 1 2 3
283 1 3
371 1 4
6 1 4 2
1 1 4 3
394 3
4196 4
8 4 3
14977
70427 0
28 0 1
20 0 2
183 0 3
224 0 4
1 1
1 2
927 3
1 3 0
1 3 1
19 3 4
14082 4
1 4 0
6 4 1
1 4 2
113 4 3
14007
10967 0
4 0 1
255 0 2
2 0 2 3
2 0 2 4
25 0 3
1 0 3 2
36469 0 4
21 0 4 1
26 0 4 2
181 0 4 3
43 1
1 2
689 3
1 3 4
36770 4
44 4 0
15 4 1
74 4 2
2 4 2 3
771 4 3
1 4 3 2
15058
31947 0
4 0 1
12 0 2
155 0 3
93 0 4
47594 1
176 1 0
15 1 2
265 1 3
322 1 4
2 2
596 3
4846 4
1 4 0
1 4 1
24 4 3
15689
26 0
82712 1
31 1 0
39 1 2
622 1 3
2 1 3 2
3 1 3 4
370 1 4
2 1 4 3
366 3
1 3 4
1853 4
2 4 0
13271
1319 0
10 0 3
1 0 4
24709 1
11 1 0
1 1 0 4
9 1 2
131 1 3
157 1 4
3063 3
52 3 4
56596 4
296 4 0
2 4 0 3
39 4 1
11 4 2
906 4 3
2 4 3 0
14430
2757 0
4 0 2
7 0 3
3 0 4
63400 1
28 1 0
6 1 2
243 1 3
1 1 3 2
300 1 4
2 2
346 3
1 3 4
19481 4
11 4 0
2 4 2
48 4 3
14252
65146 0
13 0 1
80 0 2
356 0 3
1 0 3 1
355 0 4
4 0 4 1
2 0 4 2
2 0 4 3
4374 1
30 1 3
36 1 4
649 3
1 3 1
2 3 4
16183 4
14 4 0
3 4 1
15 4 2
104 4 3
14386
41444 0
12 0 1
53 0 2
2 0 2 4
110 0 3
190 0 4
1 0 4 3
16937 1
11 1 0
15 1 2
69 1 3
109 1 4
1 2
2567 3
3 3 1
7 3 4
24598 4
42 4 0
1 4 0 3
11 4 1
1 4 2
156 4 3
15271
83102 0
50 0 1
29 0 2
267 0 3
441 0 4
2 1
3 2
69 3
1466 4
3 4 3
14371
72033 0
16 0 1
1 0 1 3
32 0 2
281 0 3
358 0 4
1 0 4 2
1 0 4 3
124 1
807 3
1 3 0
7 3 4
12162 4
1 4 0
5 4 1
87 4 3
14684
143 0
71659 1
19 1 0
15 1 2
220 1 3
373 1 4
3 1 4 0
1 2
892 3
4 3 4
12654 4
16 4 0
2 4 1
38 4 2
155 4 3
15209
75 0
1 0 4
83474 1
48 1 0
1 1 0 3
20 1 2
222 1 3
355 1 4
1 1 4 3
4 2
125 3
1288 4
14561
77088 0
27 0 1
45 0 2
280 0 3
1 0 3 1
2 0 3 2
751 0 4
2 0 4 3
895 1
1 1 4
306 3
5 3 0
2 3 4
5245 4
1 4 1
995 4 3
1 4 3 1
13483
4669 0
6 0 1
6 0 2
15 0 3
47 0 4
7211 1
3 1 0
2 1 2
96 1 3
115 1 4
2 2
4685 3
19 3 0
8 3 1
21 3 2
196 3 4
63947 4
269 4 0
1 4 0 2
110 4 1
9 4 2
6093 4 3
3 4 3 0
14 4 3 1
3 4 3 2
14991
224 0
74831 1
31 1 0
20 1 2
289 1 3
1 1 3 4
284 1 4
1 2
850 3
1 3 4
9666 4
9 4 0
6 4 1
4 4 3
14186
58917 0
121 0 1
25 0 2
209 0 3
1 0 3 4
4391 0 4
4 0 4 1
17 0 4 3
371 1
1 1 4
2 2
920 3
21999 4
9 4 0
6 4 1
2 4 2
308 4 3
13540
158 0
37227 1
10 1 0
72 1 2
133 1 3
1 1 3 4
279 1 4
1 2
1194 3
22 3 4
46327 4
1061 4 0
4 4 0 3
22 4 1
2 4 2
338 4 3
13446
1368 0
13 0 3
3 0 4
43404 1
13 1 0
10 1 2
335 1 3
1 1 3 4
314 1 4
3 2
1814 3
1 3 0
5 3 4
39301 4
3 4 0
25 4 1
40 4 2
211 4 3
13419
14650 0
15 0 1
1 0 1 3
13 0 2
76 0 3
1 0 3 4
107 0 4
338 1
3 1 4
3 2
1138 3
1 3 2
6 3 4
65984 4
350 4 0
10 4 0 3
96 4 1
46 4 2
4913 4 3
5 4 3 0
4 4 3 1
6 4 3 2
13498
15936 0
15 0 1
61 0 2
2 0 2 4
68 0 3
254 0 4
1 0 4 3
952 1
1 1 2
1 1 3
5 1 4
3955 3
14 3 1
3 3 2
62 3 4
64727 4
32 4 0
33 4 1
31 4 2
1542 4 3
1 4 3 2
15223
1197 0
2 0 3
79300 1
78 1 0
1 1 0 4
59 1 2
1 1 2 4
334 1 3
2 1 3 4
254 1 4
1 2
119 3
4263 4
4 4 0
24 4 2
10 4 3
14728
85 0
59824 1
20 1 0
17 1 2
278 1 3
328 1 4
1 1 4 0
2 2
294 3
24760 4
22 4 0
155 4 1
1 4 2
102 4 3
13494
21874 0
14 0 1
37 0 2
138 0 3
1 0 3 1
2 0 3 4
137 0 4
2801 1
4 1 0
1 1 2
3 1 3
34 1 4
914 3
12 3 0
60621 4
17 4 0
17 4 1
10 4 2
979 4 3
1 4 3 1
13155
15104 0
2 0 1
5 0 2
78 0 3
59 0 4
2605 1
1 1 2
5 1 3
4 1 4
3 2
909 3
144 3 0
2 3 0 2
3 3 1
2 3 4
63535 4
25 4 0
16 4 1
27 4 2
5202 4 3
10 4 3 0
4 4 3 1
1 4 3 2
14879
4 0
80931 1
34 1 0
42 1 2
251 1 3
386 1 4
1 2
464 3
2 3 4
3495 4
3 4 1
2 4 3
13568
9470 0
3 0 1
4 0 2
32 0 3
39 0 4
19445 1
11 1 0
22 1 2
139 1 3
212 1 4
3 1 4 3
1 2
1904 3
7 3 4
54884 4
78 4 0
39 4 1
6 4 2
1012 4 3
13445
53228 0
31 0 1
35 0 2
245 0 3
378 0 4
1 0 4 3
25 1
2098 3
1 3 0
6 3 4
30509 4
24 4 0
38 4 1
1 4 2
155 4 3
