95768
4481 0
1 0 1
10 0 3
17 0 4
369 1
2 2
177 3
700 4
3 4 3
94607
5143 0
6 0 1
1 0 2
17 0 3
18 0 4
4 1
1 2
104 3
894 4
16 4 3
94664
328 0
2 0 2
2799 1
1 1 0
8 1 3
11 1 4
1 2
565 3
1089 4
741 4 0
1 4 0 2
7 4 3
94852
7 0
1477 1
1 1 0
4 1 3
6 1 4
1 2
208 3
3582 4
3 4 0
2 4 1
6 4 3
95032
1824 0
2 0 1
10 0 3
3 0 4
988 1
1 1 2
2 1 3
2 1 4
203 3
2513 4
1 4 2
13 4 3
95331
2021 0
1 0 1
15 0 3
4 0 4
22 1
5 2
106 3
1 3 0
3246 4
6 4 0
2 4 2
31 4 3
95402
1822 0
1 0 1
7 0 3
10 0 4
17 1
2 2
373 3
2 3 0
3140 4
2 4 1
17 4 2
12 4 3
94916
4742 0
1 0 1
1 0 2
6 0 3
15 0 4
103 1
3 2
57 3
1 3 2
337 4
94721
6 0
481 1
3 1 4
4 2
159 3
4 3 4
4985 4
11 4 0
2 4 1
9 4 3
94284
5510 0
4 0 1
1 0 2
19 0 3
10 0 4
258 1
5 2
53 3
558 4
94385
508 0
1 0 3
4990 1
3 1 0
1 1 2
65 1 3
2 1 3 4
18 1 4
4 2
107 3
318 4
1 4 3
95744
209 0
1 0 1
1 0 3
94 1
2 2
349 3
4328 4
4 4 0
4 4 1
13 4 2
21 4 3
94741
4232 0
14 0 3
12 0 4
2 1
3 2
204 3
1298 4
1 4 3
95982
49 0
1 0 3
35 1
2 2
244 3
4612 4
7 4 0
96 4 3
95046
1831 0
1 0 1
2 0 2
1 0 3
5 0 4
2 1
1 2
126 3
3762 4
2 4 1
1 4 2
5 4 3
95361
1082 0
1 0 1
5 0 3
1 0 4
1858 1
13 1 3
6 1 4
1 2
563 3
4 3 4
1532 4
3 4 3
96009
2752 0
5 0 3
16 0 4
3 1
4 2
819 3
5 3 4
1609 4
1 4 0
1 4 2
4 4 3
94928
203 0
1 0 3
3 0 4
5225 1
1 1 2
10 1 3
13 1 4
4 2
77 3
217 4
2 4 3
94775
1 0
59 1
86 3
5366 4
1 4 0
45 4 1
1 4 1 3
1 4 2
30 4 3
95298
4737 0
2 0 1
12 0 3
20 0 4
73 1
3 2
134 3
601 4
95026
3936 0
1 0 2
5 0 3
10 0 4
1 1
2 2
116 3
2 3 4
1722 4
5 4 0
4 4 2
5 4 3
95198
2482 0
2 0 1
1 0 2
5 0 3
22 0 4
293 1
1078 3
16 3 0
2 3 4
1459 4
9 4 3
95218
4256 0
1 0 1
1 0 2
7 0 3
50 0 4
968 1
5 1 3
1 1 4
3 2
147 3
1 3 4
675 4
1 4 2
2 4 3
95027
466 0
2 0 4
3959 1
2 1 0
7 1 3
20 1 4
361 3
497 4
2 4 3
94952
19 0
1431 1
8 1 0
5 1 3
6 1 4
4 2
603 3
3 3 4
3290 4
4 4 0
17 4 1
1 4 2
58 4 3
94846
630 0
1 0 3
1 0 4
4865 1
4 1 2
7 1 3
11 1 4
1 2
84 3
1 3 4
534 4
94420
964 0
2 0 2
1 0 3
2 0 4
588 1
3 1 3
2 1 4
3 2
309 3
3756 4
1 4 0
1 4 1
13 4 3
94797
4433 0
16 0 3
8 0 4
5 1
1 2
71 3
912 4
4 4 3
94859
297 0
2 0 4
213 1
1 1 3
674 3
9 3 1
1 3 4
4163 4
5 4 0
76 4 1
1 4 2
12 4 3
95443
5115 0
3 0 1
9 0 3
27 0 4
161 1
3 2
108 3
1 3 4
466 4
1 4 0
3 4 3
94023
6136 0
1 0 1
1 0 2
23 0 3
14 0 4
26 1
64 3
133 4
94982
342 0
2 0 4
283 1
1 1 3
3 1 4
4 2
380 3
3 3 1
1 3 2
4253 4
4 4 0
3 4 1
42 4 3
95733
3242 0
1 0 2
4 0 3
6 0 4
4 1
5 2
474 3
1347 4
11 4 0
1 4 1
14 4 3
95332
4021 0
2 0 1
20 0 3
12 0 4
2 1
1 2
51 3
1037 4
1 4 0
2 4 1
1 4 3
95113
18 0
5524 1
1 1 0
1 1 2
21 1 3
29 1 4
3 2
25 3
85 4
1 4 3
95770
4 0
1924 1
1 1 0
2 1 2
7 1 3
7 1 4
1 2
210 3
3481 4
1 4 0
1 4 2
11 4 3
95171
24 0
1429 1
6 1 3
7 1 4
430 3
2 3 4
3599 4
1 4 0
3 4 1
22 4 3
95296
4775 0
2 0 2
5 0 3
36 0 4
2 1
1 2
73 3
787 4
2 4 3
95308
2937 0
5 0 2
8 0 3
11 0 4
610 1
1 1 3
1 1 4
4 2
217 3
1 3 4
1622 4
1 4 0
5 4 3
94837
23 0
1104 1
1 1 2
1 1 3
1 1 4
2 2
73 3
4091 4
3 4 1
1 4 2
30 4 3
96327
1125 0
1 0 1
1 0 4
1495 1
4 1 3
3 1 4
2 2
679 3
1 3 0
2225 4
1 4 0
1 4 1
2 4 3
95156
3703 0
1 0 1
14 0 3
5 0 4
1199 1
1 1 3
5 1 4
2 2
79 3
1 3 4
523 4
4 4 3
95964
5326 0
1 0 1
9 0 3
27 0 4
77 1
4 1 3
1 2
108 3
112 4
1 4 3
95021
3 0
590 1
2 1 0
3 1 3
3 1 4
1 2
641 3
1 3 4
4324 4
5 4 0
5 4 2
22 4 3
95465
5 0
3 1
1 2
172 3
1 3 1
1 3 4
5031 4
53 4 0
2 4 0 3
18 4 1
70 4 3
95325
3997 0
2 0 1
1 0 3
3 0 4
123 1
4 2
376 3
4 3 4
799 4
8 4 3
96178
2779 0
1 0 1
17 0 2
7 0 3
1 0 4
125 1
2 2
1 2 3
95 3
2602 4
2 4 1
1 4 2
5 4 3
95530
3238 0
3 0 1
28 0 3
9 0 4
966 1
3 1 3
647 3
2 3 1
728 4
95426
1003 0
2 0 3
2 0 4
2347 1
2 1 2
7 1 3
12 1 4
1 2
79 3
2138 4
1 4 2
9 4 3
95302
3159 0
3 0 1
10 0 3
7 0 4
37 1
2 2
299 3
2 3 4
1997 4
10 4 3
95136
4101 0
2 0 2
18 0 3
25 0 4
432 1
13 1 0
1 1 2
3 1 3
1 1 4
7 2
140 3
1149 4
5 4 3
95025
6 0
5 1
3 2
165 3
5286 4
18 4 0
2 4 1
3 4 2
106 4 3
94596
419 0
1 0 3
5196 1
4 1 2
9 1 3
21 1 4
2 2
166 3
573 4
1 4 1
95251
990 0
1 0 3
5 0 4
252 1
1 1 3
2 2
726 3
23 3 4
3472 4
1 4 0
1 4 1
17 4 3
95136
9 0
521 1
1 1 2
1 1 3
3 1 4
3 2
93 3
4834 4
2 4 0
4 4 1
9 4 2
13 4 3
95049
3281 0
2 0 3
12 0 4
2 1
4 2
208 3
2 3 0
1990 4
1 4 2
8 4 3
94595
4712 0
4 0 2
10 0 3
14 0 4
30 1
225 3
1 3 4
828 4
4 4 3
95211
22 0
1150 1
6 1 3
1 1 3 0
10 1 4
3 2
308 3
3783 4
10 4 0
2 4 1
16 4 3
95502
5657 0
2 0 1
1 0 2
14 0 3
16 0 4
3 1
1 2
47 3
76 4
1 4 2
94989
212 0
2 0 3
796 1
1 1 0
2 1 3
1 1 4
95 3
4461 4
1 4 0
20 4 3
95473
2436 0
1 0 1
1 0 2
10 0 3
13 0 4
2 1
2 2
279 3
1 3 4
2611 4
2 4 1
11 4 3
95568
12 0
1522 1
2 1 2
3 1 3
1 1 4
672 3
1 3 1
3 3 4
2798 4
2 4 1
2 4 2
6 4 3
95268
453 0
1 0 3
2 0 4
1841 1
5 1 3
1 1 4
3 2
247 3
3 3 4
2999 4
6 4 3
94641
1139 0
2 0 1
1 0 2
10 0 4
1643 1
3 1 4
6 2
119 3
2 3 4
2875 4
23 4 3
96589
2051 0
12 0 3
6 0 4
2685 1
1 1 2
4 1 3
3 1 4
59 3
186 4
94675
1989 0
1 0 1
2 0 2
5 0 3
2 0 4
1 0 4 3
673 1
3 1 3
1 1 4
6 2
440 3
2309 4
1 4 1
27 4 3
94903
3 0
2515 1
5 1 2
10 1 3
10 1 4
2 2
51 3
2906 4
4 4 0
4 4 1
12 4 3
95825
1056 0
1 0 3
5 0 4
37 1
247 3
2 3 2
4025 4
2 4 0
7 4 1
16 4 3
95065
2110 0
4 0 3
6 0 4
1639 1
2 1 2
4 1 3
4 1 4
2 2
164 3
2 3 4
1472 4
8 4 3
95100
4515 0
1 0 2
14 0 3
9 0 4
3 1
3 2
112 3
1159 4
2 4 0
95133
10 0
4011 1
3 1 2
8 1 3
17 1 4
3 2
317 3
1050 4
94823
104 0
3030 1
8 1 0
7 1 3
11 1 4
2 2
240 3
2 3 4
2521 4
1 4 0
15 4 1
12 4 3
94928
4 0
5065 1
4 1 0
2 1 2
8 1 3
9 1 4
1 2
87 3
735 4
1 4 3
95513
3462 0
1 0 1
7 0 3
9 0 4
4 1
1 2
188 3
5 3 4
1268 4
1 4 0
2 4 2
6 4 3
95137
1055 0
1 0 1
11 0 2
5 0 3
941 0 4
3 0 4 3
9 1
1 2
139 3
3218 4
4 4 0
32 4 3
1 4 3 0
95066
1753 0
5 0 3
2759 1
3 1 0
22 1 3
13 1 4
1 2
102 3
1 3 4
651 4
2 4 3
95759
7 0
4367 1
2 1 0
3 1 2
17 1 3
14 1 4
1 2
81 3
252 4
95110
104 0
1 0 3
584 1
6 1 4
2 2
483 3
5 3 4
4399 4
8 4 0
2 4 1
29 4 3
94401
282 0
1 0 3
3019 1
1 1 0
3 1 3
5 1 4
3 2
89 3
2338 4
4 4 3
95282
2950 0
1 0 2
12 0 3
8 0 4
274 1
2 1 3
1 2
127 3
2184 4
2 4 0
1 4 1
20 4 3
95575
2104 0
1 0 1
3 0 3
10 0 4
525 1
2 1 2
1 1 3
3 1 4
390 3
2143 4
1 4 0
8 4 3
94414
5870 0
3 0 1
3 0 2
13 0 3
21 0 4
6 1
1 2
36 3
262 4
94358
4196 0
1 0 2
2 0 3
17 0 4
20 1
6 2
156 3
1 3 4
1550 4
11 4 3
95040
21 0
4081 1
1 1 0
1 1 2
2 1 3
12 1 4
1 2
188 3
1278 4
1 4 2
12 4 3
93879
22 0
5970 1
2 1 0
13 1 3
14 1 4
3 2
38 3
134 4
94881
4974 0
4 0 3
20 0 4
140 1
2 2
58 3
773 4
46 4 3
94933
83 0
1 0 4
207 1
1 1 4
2 2
695 3
1 3 0
3 3 2
6 3 4
4295 4
5 4 0
1 4 1
100 4 3
94459
18 0
4232 1
2 1 2
6 1 3
9 1 4
2 2
204 3
1201 4
2 4 0
1 4 3
95466
2460 0
1 0 1
8 0 3
204 0 4
34 1
1 2
175 3
2480 4
1 4 0
1 4 1
12 4 3
95139
28 0
1466 1
1 1 0
3 1 2
5 1 4
1 2
217 3
3 3 4
3604 4
25 4 0
2 4 0 3
1 4 1
20 4 3
96026
67 0
1642 1
7 1 3
3 1 4
1 2
315 3
2 3 4
3516 4
14 4 3
95202
528 0
1 0 1
1 0 3
1 0 4
26 1
5 2
159 3
4509 4
3 4 0
2 4 1
2 4 2
58 4 3
95446
258 0
1 0 2
3 0 4
49 1
1 2
555 3
1 3 4
4378 4
1 4 0
23 4 3
94983
117 0
4819 1
7 1 0
1 1 2
19 1 3
1 1 3 4
8 1 4
2 2
41 3
479 4
1 4 0
2 4 2
2 4 3
95050
9 0
2652 1
2 1 0
1 1 2
8 1 3
7 1 4
5 2
88 3
2489 4
1 4 0
13 4 1
6 4 3
95416
465 0
1 0 3
232 1
3 1 4
1 2
163 3
1 3 0
4389 4
2 4 0
1 4 2
68 4 3
94954
411 0
1 0 4
119 1
1 1 3
1 1 4
4 2
153 3
3 3 0
1 3 4
4782 4
1 4 0
3 4 1
3 4 2
63 4 3
94860
6 0
5643 1
2 1 0
12 1 3
8 1 4
2 2
133 3
514 4
1 4 3
95241
355 0
1 0 3
1 0 4
648 1
3 1 3
1 2
314 3
3821 4
2 4 2
22 4 3
94782
2098 0
1 0 2
8 0 3
23 0 4
11 1
3 2
340 3
1 3 0
3390 4
2 4 0
2 4 1
9 4 3
