31
94981 0
95 0 1
138 0 2
2 0 2 3
1 0 2 4
2536 0 3
4 0 3 1
3 0 3 2
14 0 3 4
2398 0 4
12 0 4 3
360 1
4 1 3
7 3
134 4
1 4 0
2 4 3
40
94387 0
78 0 1
1496 0 2
106 0 2 1
12 0 2 1 4
23 0 2 3
18 0 2 4
1606 0 3
3 0 3 2
29 0 3 4
2999 0 4
2 0 4 1
1 0 4 2
1 0 4 2 3
93 0 4 3
1 3
72 4
1 4 3
33
71490 0
108 0 1
1 0 1 4
742 0 2
8 0 2 3
229 0 2 4
1 0 2 4 1
1 0 2 4 3
1597 0 3
1 0 3 1
28 0 3 4
1001 0 4
9 0 4 3
23576 1
44 1 0
328 1 2
11 1 2 4
151 1 3
1 1 3 4
242 1 4
40 3
139 4
590 4 0
2 4 0 3
18
86007 1
339 1 0
5 1 0 3
9 1 0 4
1 1 0 4 3
4920 1 2
1 1 2 0
41 1 2 3
2 1 2 3 4
215 1 2 4
5200 1 3
2 1 3 0
105 1 3 2
46 1 3 2 4
53 1 3 4
2823 1 4
10 1 4 0
1 1 4 2
11 1 4 3
9 3
915 4
1 4 1
9 4 3
25
72204 0
66 0 1
2 0 1 4
1946 0 2
10 0 2 1
15 0 2 3
31 0 2 4
1418 0 3
1 0 3 1
1 0 3 2
5 0 3 4
958 0 4
2 0 4 1
3 0 4 2
5 0 4 3
21325 1
24 1 0
1 1 0 4
16 1 2
1186 1 3
1 1 3 0
10 1 3 4
494 1 4
2 1 4 3
17 3
451 4
97 4 1
15 4 3
18
95308 0
86 0 1
3 0 1 4
383 0 2
11 0 2 4
1740 0 3
3 0 3 2
60 0 3 4
1632 0 4
2 0 4 1
8 0 4 2
21 0 4 3
7 3
2 3 0
1211 4
1 4 0
44 4 1
146 4 3
34
95008 0
60 0 1
1 0 1 3
855 0 2
1 0 2 1
14 0 2 3
5 0 2 4
1740 0 3
1 0 3 2
8 0 3 4
1772 0 4
21 0 4 3
8 1
26 3
699 4
1 4 1
3 4 2
14 4 3
32
91291 0
1520 0 1
19 0 1 3
13 0 1 4
375 0 2
17 0 2 1
2 0 2 3
4 0 2 4
3497 0 3
29 0 3 4
3143 0 4
10 0 4 2
61 0 4 3
462 1
2 1 3
2 1 4
4 3
46 4
10
79841 1
726 1 0
12 1 0 2
1 1 0 2 4
2 1 0 3
4 1 0 4
343 1 2
1 1 2 4 3
2337 1 3
10 1 3 4
2057 1 4
3 1 4 0
5 1 4 3
9 3
1702 4
12877 4 0
35 4 0 1
18 4 0 2
119 4 0 3
85 4 1
2 4 2
187 4 3
34
95397 0
171 0 1
1658 0 2
1 0 2 1
23 0 2 3
50 0 2 4
1414 0 3
5 0 3 4
1573 0 4
1 0 4 1
3 0 4 2
8 0 4 3
109 1
65 4
2 4 3
25
94 0
2 0 4
88424 1
180 1 0
688 1 2
11 1 2 3
8 1 2 4
5171 1 3
1 1 3 0
4 1 3 2
28 1 3 4
5532 1 4
3 1 4 0
5 1 4 2
47 1 4 3
8 3
35 4
1 4 3
15
79988 0
67 0 1
11117 0 2
7 0 2 1
267 0 2 3
1 0 2 3 1
3 0 2 3 4
130 0 2 4
1 0 2 4 3
1044 0 3
2 0 3 4
2687 0 4
1 0 4 2
13 0 4 3
2293 1
3 1 0
2 1 2
14 1 3
43 1 4
16 3
1722 4
12 4 0
224 4 1
11 4 2
501 4 3
1 4 3 0
45
95524 0
82 0 1
160 0 2
1 0 2 3
2649 0 3
1 0 3 1
1 0 3 2
199 0 3 4
2130 0 4
1 0 4 1
16 0 4 2
13 0 4 3
3 3
1 3 4
175 4
1 4 3
11
6952 0
3 0 1
2 0 2
103 0 3
33 0 4
58383 1
74 1 0
2 1 0 2
243 1 2
2493 1 3
4 1 3 2
5 1 3 4
2895 1 4
7 1 4 2
25 1 4 3
12 3
1922 4
8972 4 0
23 4 0 1
9 4 0 2
82 4 0 3
51 4 1
18164 4 3
117 4 3 0
31 4 3 1
20 4 3 2
24
95676 0
120 0 1
1 0 1 3
748 0 2
1 0 2 1
9 0 2 3
7 0 2 4
1612 0 3
17 0 3 4
1624 0 4
7 0 4 2
8 0 4 3
8 3
715 4
1 4 2
27 4 3
27
43605 0
85 0 1
1 0 1 4
195 0 2
2 0 2 3
2 0 2 4
1341 0 3
45 0 3 2
12 0 3 4
1064 0 4
1 0 4 1
86 0 4 3
50554 1
28 1 0
71 1 2
1305 1 3
5 1 3 4
1550 1 4
5 1 4 3
25 3
177 4
1 4 3
24
96162 0
59 0 1
217 0 2
2 0 2 4
1348 0 3
1 0 3 1
1 0 3 2
6 0 3 4
2363 0 4
2 0 4 1
13 0 4 3
47 3
6 3 4
235 4
1 4 1
7 4 3
29
618 0
7 0 2
1 0 3
381 0 4
1 0 4 1
1 0 4 3
87462 1
363 1 0
2 1 0 3
10 1 0 4
415 1 2
1 1 2 0
1 1 2 3
3 1 2 4
8372 1 3
8 1 3 0
28 1 3 2
97 1 3 4
3083 1 4
2 1 4 2
14 1 4 3
4 3
16 4
20
1838 1
1 1 2
21 1 3
14 1 4
4 3
2496 4
190 4 0
3 4 0 1
1 4 0 3
93639 4 1
202 4 1 0
2 4 1 0 3
136 4 1 2
814 4 1 3
2 4 2
1257 4 3
1 4 3 2
23
96196 0
77 0 1
1 0 1 3
94 0 2
1525 0 3
2 0 3 1
3 0 3 2
6 0 3 4
2118 0 4
1 0 4 1
1 0 4 2
66 0 4 3
3 1
3 3
57 4
32
95755 0
133 0 1
1 0 1 3
2 0 1 4
389 0 2
1 0 2 1
6 0 2 3
40 0 2 4
1 0 2 4 3
1443 0 3
2 0 3 1
11 0 3 2
24 0 3 4
2236 0 4
1 0 4 1
196 0 4 3
7 3
275 4
1 4 0
11 4 3
30
93158 0
178 0 1
1 0 1 3
89 0 2
2619 0 3
6 0 3 2
19 0 3 4
2638 0 4
1 0 4 1
3 0 4 2
18 0 4 3
1307 1
1 1 0
9 1 3
4 1 4
69 3
10 3 0
3 3 4
281 4
1 4 2
8 4 3
29
84791 0
3428 0 1
5 0 1 2
12 0 1 3
41 0 1 4
344 0 2
3 0 2 3
1626 0 3
2 0 3 1
3 0 3 2
23 0 3 4
1932 0 4
2 0 4 1
1 0 4 2
9 0 4 3
7601 1
2 1 0
11 1 2
48 1 3
389 1 4
1 1 4 3
5 3
112 4
25
228 0
92778 1
1072 1 0
71 1 0 3
1 1 0 3 4
25 1 0 4
161 1 2
4 1 2 3
2 1 2 4
3911 1 3
2 1 3 0
11 1 3 2
25 1 3 4
2409 1 4
3 1 4 2
18 1 4 3
17 3
48 4
28
3 0
73518 1
15801 1 0
28 1 0 2
1 1 0 2 3
242 1 0 3
1 1 0 3 4
1205 1 0 4
2 1 0 4 3
1023 1 2
9 1 2 0
14 1 2 3
3086 1 3
3 1 3 0
1 1 3 2
13 1 3 4
1801 1 4
1 1 4 0
16 1 4 3
36 3
4 3 4
770 4
1 4 0
39 4 1
1 4 1 3
3060 4 3
26 4 3 0
5 4 3 2
39
4209 0
1 0 1
4 0 2
109 0 3
1 0 3 2
33 0 4
83815 1
3825 1 0
1 1 0 2
27 1 0 3
1 1 0 3 4
3021 1 0 4
4 1 0 4 2
23 1 0 4 3
264 1 2
30 1 2 3
3371 1 3
1 1 3 0
2 1 3 2
27 1 3 4
1767 1 4
1 1 4 0
39 1 4 3
5 3
48 4
20
77120 0
252 0 1
1 0 1 3
369 0 2
3 0 2 1
10 0 2 3
1 0 2 4
2106 0 3
1 0 3 1
18 0 3 4
1163 0 4
1 0 4 1
63 0 4 2
2 0 4 3
17259 1
24 1 0
11 1 2
796 1 3
4 1 3 4
158 1 4
24 3
1 3 2
826 4
42 4 3
36
96728 0
168 0 1
2 0 1 3
1 0 1 4
346 0 2
1 0 2 1
5 0 2 3
13 0 2 4
1484 0 3
1 0 3 1
13 0 3 4
1845 0 4
1 0 4 2
16 0 4 3
1 2
2 3
160 4
6 4 3
19
66387 0
53 0 1
191 0 2
2 0 2 3
14514 0 3
14 0 3 1
12 0 3 2
763 0 3 4
1 0 3 4 2
723 0 4
8 0 4 3
8375 1
21 1 0
3 1 2
75 1 3
105 1 4
1 1 4 3
39 3
2 3 1
1311 4
4 4 0
7800 4 1
5 4 1 0
21 4 1 2
118 4 1 3
68 4 3
38
91750 0
74 0 1
174 0 2
1 0 2 3
2 0 2 4
3994 0 3
5 0 3 1
2 0 3 2
59 0 3 4
1106 0 4
1 0 4 2
7 0 4 3
2931 1
1 1 0
35 1 3
59 1 4
7 3
1 3 4
78 4
1 4 3
36
96116 0
92 0 1
2 0 1 3
2 0 1 4
457 0 2
4 0 2 3
1 0 2 4
1580 0 3
3 0 3 2
7 0 3 4
2049 0 4
2 0 4 1
5 0 4 2
21 0 4 3
1 1
2 3
11 4
17
89955 0
571 0 1
3 0 1 3
35 0 1 4
409 0 2
1 0 2 1
1 0 2 4
1911 0 3
1 0 3 1
1 0 3 2
15 0 3 4
1216 0 4
7 0 4 3
4676 1
1 1 0
9 1 2
102 1 3
42 1 4
1 1 4 3
30 3
3 3 1
1163 4
3 4 0
29 4 1
2 4 2
286 4 3
24
95166 0
188 0 1
1 0 1 4
272 0 2
3 0 2 3
1 0 2 4
2321 0 3
5 0 3 1
14 0 3 4
2335 0 4
3 0 4 1
8 0 4 2
20 0 4 3
22 3
267 4
7 4 0
25 4 3
28
94870 0
98 0 1
1949 0 2
1 0 2 1
18 0 2 3
40 0 2 4
1098 0 3
1 0 3 1
6 0 3 4
1801 0 4
1 0 4 1
1 0 4 2
17 0 4 3
3 3
193 4
1 4 1
35
2 0
89243 1
370 1 0
6 1 0 3
1 1 0 3 2
15 1 0 4
1229 1 2
13 1 2 0
62 1 2 3
4 1 2 4
4328 1 3
3 1 3 0
4 1 3 2
21 1 3 4
4862 1 4
4 1 4 0
17 1 4 2
51 1 4 3
10 4
16
90477 1
157 1 0
213 1 2
1 1 2 4
4856 1 3
4 1 3 0
8 1 3 2
35 1 3 4
3115 1 4
3 1 4 0
4 1 4 2
28 1 4 3
11 3
832 4
124 4 0
1 4 0 2
1 4 2
95 4 3
23
7 0
87982 1
85 1 0
1 1 0 3
155 1 2
6548 1 3
4 1 3 0
3 1 3 2
38 1 3 4
4937 1 4
3 1 4 0
6 1 4 2
20 1 4 3
17 3
1 3 4
847 4
2 4 0
186 4 3
33
95888 0
82 0 1
1 0 1 4
105 0 2
1 0 2 4
2015 0 3
11 0 3 4
1966 0 4
1 0 4 1
19 0 4 3
5 3
141 4
30
92519 0
127 0 1
2 0 1 4
386 0 2
6 0 2 3
3 0 2 4
1741 0 3
1 0 3 1
1 0 3 2
14 0 3 4
1232 0 4
5 0 4 1
4 0 4 3
4506 1
1 1 0
2 1 2
40 1 3
78 1 4
13 3
239 4
3 4 0
3 4 1
4 4 3
37
2709 0
18 0 1
1 0 2
101 0 3
109 0 4
2 0 4 3
85914 1
369 1 0
2 1 0 2
1482 1 2
3 1 2 0
29 1 2 3
2 1 2 3 0
429 1 2 4
2 1 2 4 3
4882 1 3
16 1 3 0
21 1 3 2
35 1 3 4
2629 1 4
22 1 4 0
2 1 4 2
8 1 4 3
2 3
1180 4
4 4 0
196 4 1
4 4 1 3
3 4 2
113 4 3
21
74915 0
65 0 1
519 0 2
34 0 2 1
1 0 2 1 4
5 0 2 3
6 0 2 4
2075 0 3
1 0 3 1
3 0 3 2
40 0 3 4
1285 0 4
10 0 4 3
20251 1
9 1 0
9 1 2
2 1 2 3
283 1 3
174 1 4
3 1 4 3
36 3
392 4
2 4 1
4 4 3
33
94334 0
97 0 1
1 0 1 3
5 0 1 4
765 0 2
3 0 2 1
2 0 2 3
12 0 2 4
1811 0 3
3 0 3 2
22 0 3 4
1 0 3 4 2
1549 0 4
1 0 4 1
16 0 4 3
2004 1
1 1 2
12 1 3
34 1 4
4 3
55 4
37
95578 0
448 0 1
1 0 1 3
1 0 1 4
2262 0 2
5 0 2 1
21 0 2 3
1 0 2 3 4
90 0 2 4
1 0 2 4 3
1221 0 3
7 0 3 4
1402 0 4
5 0 4 3
5 1
1 1 3
6 3
8 4
26
86654 1
550 1 0
1 1 0 2
1 1 0 3
23 1 0 4
244 1 2
9544 1 3
3 1 3 0
6 1 3 2
54 1 3 4
1613 1 4
1 1 4 3
27 3
1275 4
92 4 0
113 4 3
17
10 3
1 3 1
2324 4
52936 4 0
35 4 0 1
123 4 0 2
1121 4 0 3
38874 4 1
19 4 1 0
74 4 1 2
292 4 1 3
4565 4 3
5 4 3 0
9 4 3 1
3 4 3 2
24
95002 0
110 0 1
119 0 1 2
1 0 1 2 3
582 0 2
306 0 2 3
4 0 2 3 4
6 0 2 4
1222 0 3
2 0 3 1
6 0 3 4
2400 0 4
2 0 4 1
2 0 4 2
287 0 4 3
160 1
1 1 3
1 1 4
17 3
113 4
2 4 3
35
91424 0
55 0 1
4 0 1 4
1605 0 2
1 0 2 1
22 0 2 3
1 0 2 3 4
16 0 2 4
1 0 2 4 3
2774 0 3
2 0 3 1
2 0 3 2
17 0 3 4
1886 0 4
1 0 4 2
6 0 4 3
1828 1
12 1 2
13 1 3
20 1 4
1 2 3
3 3
473 4
4 4 0
28 4 3
25
93035 0
498 0 1
26 0 1 3
1 0 1 4
241 0 2
1 0 2 3
54 0 2 4
1 0 2 4 3
1898 0 3
1 0 3 2
13 0 3 4
3245 0 4
5 0 4 1
3 0 4 2
43 0 4 3
1739 1
2 1 0
5 1 3
22 1 4
33 3
1 3 1
102 4
35
2454 0
6 0 2
286 0 3
6 0 3 4
36 0 4
89794 1
214 1 0
282 1 2
3647 1 3
5 1 3 0
24 1 3 4
3829 1 4
5 1 4 0
3 1 4 2
32 1 4 3
7 3
307 4
3 4 2
1 4 3
27
96258 0
112 0 1
390 0 2
2 0 2 1
8 0 2 3
6 0 2 4
1493 0 3
5 0 3 1
13 0 3 4
1602 0 4
1 0 4 1
8 0 4 3
2 1
13 3
381 4
5 4 3
25
92451 0
137 0 1
52 0 2
5503 0 3
1 0 3 1
22 0 3 2
118 0 3 4
1634 0 4
1 0 4 1
1 0 4 2
7 0 4 3
124 1
15 1 0
6 3
167 4
1 4 3
15
5 3
2194 4
79218 4 0
485 4 0 1
2 4 0 1 3
82 4 0 2
708 4 0 3
9 4 1
3 4 2
17551 4 3
36 4 3 0
9 4 3 1
18 4 3 2
27
23554 0
20 0 1
209 0 2
1 0 2 1
5 0 2 3
2 0 2 4
782 0 3
32 0 3 4
478 0 4
5 0 4 3
70716 1
131 1 0
1 1 0 2
1 1 0 3
2 1 0 4
627 1 2
8 1 2 3
1 1 2 3 4
2 1 2 4
1589 1 3
9 1 3 4
2681 1 4
1 1 4 0
11 1 4 3
8 3
48 4
21
83923 0
102 0 1
1 0 1 3
2113 0 2
3 0 2 1
30 0 2 3
1 0 2 3 4
13 0 2 4
1224 0 3
7 0 3 4
1643 0 4
8 0 4 2
13 0 4 3
9602 1
12 1 0
8 1 2
483 1 3
3 1 3 4
86 1 4
50 3
1 3 0
90 3 4
1 3 4 0
663 4
273 4 0
7 4 1
2 4 2
82 4 3
25
3 0
90851 1
122 1 0
2 1 0 3
1 1 0 4
250 1 2
1 1 2 3
5379 1 3
7 1 3 0
4 1 3 2
49 1 3 4
1975 1 4
17 1 4 0
1 1 4 2
9 1 4 3
2 3
1456 4
125 4 0
1 4 1
27 4 3
22
94901 0
98 0 1
3 0 1 3
1 0 1 4
436 0 2
16 0 2 3
8 0 2 4
1865 0 3
2 0 3 2
34 0 3 4
2998 0 4
2 0 4 1
3 0 4 2
33 0 4 3
11 3
380 4
11 4 3
15
95433 0
164 0 1
135 0 2
1 0 2 4
1774 0 3
1 0 3 1
5 0 3 2
8 0 3 4
2587 0 4
1 0 4 1
3 0 4 2
22 0 4 3
19 1
52 1 3
8 3
1 3 4
129 4
3 4 3
21
4 0
90023 1
440 1 0
4 1 0 3
306 1 2
1 1 2 3
3 1 2 4
4916 1 3
11 1 3 0
4 1 3 2
43 1 3 4
3704 1 4
4 1 4 0
2 1 4 2
44 1 4 3
25 3
1024 4
13 4 0
4 4 1
2 4 2
71 4 3
45
96100 0
88 0 1
695 0 2
4 0 2 1
56 0 2 3
2 0 2 3 1
7 0 2 4
1913 0 3
2 0 3 2
20 0 3 4
1489 0 4
2 0 4 2
11 0 4 3
1 3
2 4
17
122 0
88535 1
126 1 0
1 1 0 4
2575 1 2
177 1 2 0
3 1 2 0 3
1 1 2 0 4
24 1 2 3
359 1 2 4
2 1 2 4 0
9 1 2 4 3
3419 1 3
29 1 3 4
3797 1 4
14 1 4 0
19 1 4 2
25 1 4 3
6 3
988 4
1 4 0
2 4 1
29 4 3
25
94940 0
185 0 1
6 0 1 3
1374 0 2
13 0 2 1
28 0 2 3
13 0 2 4
1115 0 3
1 0 3 1
1 0 3 4
2261 0 4
3 0 4 1
1 0 4 1 3
9 0 4 3
18 3
425 4
4 4 3
15
1 0
90680 1
248 1 0
1 1 0 4
132 1 2
1 1 2 3
4477 1 3
9 1 3 0
7 1 3 2
24 1 3 4
4425 1 4
4 1 4 0
2 1 4 2
28 1 4 3
35 3
10 3 1
2 3 4
461 4
1 4 1
4 4 2
6 4 3
19
7588 0
1 0 1
2 0 2
142 0 3
298 0 4
2 0 4 3
83396 1
459 1 0
1 1 0 3
13 1 0 4
83 1 2
3 1 2 3
2524 1 3
1 1 3 0
13 1 3 4
5249 1 4
5 1 4 0
9 1 4 2
47 1 4 3
9 3
482 4
7 4 1
1 4 2
4 4 3
14
71991 0
120 0 1
934 0 2
1 0 2 1
3 0 2 3
4 0 2 4
1834 0 3
5 0 3 2
8 0 3 4
1458 0 4
1 0 4 1
5 0 4 3
21213 1
71 1 0
24 1 2
622 1 3
2 1 3 4
1555 1 4
11 1 4 3
1 1 4 3 2
5 3
444 4
8 4 3
30
70191 0
163 0 1
4 0 1 3
2 0 1 4
97 0 2
14 0 2 3
2 0 2 4
1744 0 3
1 0 3 1
8 0 3 4
751 0 4
2 0 4 3
25175 1
22 1 0
1 1 0 4
50 1 2
1551 1 3
20 1 3 4
554 1 4
6 1 4 3
31 4
30
81192 0
69 0 1
871 0 2
38 0 2 3
5 0 2 4
1 0 2 4 3
1676 0 3
2 0 3 1
13 0 3 4
1521 0 4
1 0 4 1
2 0 4 2
79 0 4 3
14197 1
292 1 0
1 1 0 4
4 1 0 4 3
7 1 2
131 1 3
2 1 3 4
274 1 4
1 1 4 0
19 3
304 4
2 4 3
28
89621 1
2746 1 0
18 1 0 2
1 1 0 2 3
32 1 0 3
240 1 0 4
3 1 0 4 3
212 1 2
3 1 2 3
4170 1 3
6 1 3 0
1 1 3 2
23 1 3 4
2609 1 4
3 1 4 0
4 1 4 2
14 1 4 3
1 3
610 4
2 4 0
13 4 3
18
92185 0
120 0 1
1 0 1 4
104 0 2
1426 0 3
4 0 3 2
8 0 3 4
5918 0 4
98 0 4 1
2 0 4 2
41 0 4 3
134 1
1 1 3
17 3
666 4
1 4 0
9 4 3
31
85037 0
127 0 1
17 0 1 4
333 0 2
4 0 2 3
14 0 2 4
2115 0 3
2 0 3 1
19 0 3 4
5482 0 4
26 0 4 1
4 0 4 2
26 0 4 3
6964 1
1 1 0
4 1 2
50 1 3
78 1 4
1 1 4 3
15 3
4 3 4
205 4
4 4 3
32
91222 0
78 0 1
1 0 1 3
2 0 1 4
2092 0 2
1 0 2 1
31 0 2 3
45 0 2 4
5300 0 3
3 0 3 1
4 0 3 2
88 0 3 4
1252 0 4
3 0 4 2
7 0 4 3
7 3
130 4
23
2 0
84938 1
310 1 0
1 1 0 3
4 1 0 4
427 1 2
2 1 2 3
14 1 2 4
4851 1 3
7 1 3 0
6 1 3 2
28 1 3 4
10085 1 4
5 1 4 0
9 1 4 2
105 1 4 3
17 3
112 4
1 4 1
24
37 0
80466 1
91 1 0
3 1 0 3
1 1 0 4
1124 1 2
10 1 2 3
9 1 2 4
13754 1 3
10 1 3 0
21 1 3 2
1 1 3 2 4
78 1 3 4
3783 1 4
264 1 4 0
1 1 4 0 3
4 1 4 2
27 1 4 3
12 3
1 3 4
501 4
1 4 1
8 4 3
20
85557 1
183 1 0
1 1 0 3
1 1 0 4
116 1 2
1 1 2 0
9 1 2 3
1933 1 3
2 1 3 0
13 1 3 4
6274 1 4
72 1 4 0
5781 1 4 2
20 1 4 2 0
142 1 4 2 3
53 1 4 3
3 3
37 4
31
95673 0
248 0 1
10 0 1 3
14 0 1 4
365 0 2
1 0 2 1
11 0 2 4
1467 0 3
1 0 3 2
5 0 3 4
1953 0 4
10 0 4 3
5 3
286 4
26 4 3
17
528 0
1 0 1
205 0 2
1 0 2 4
1 0 3
97136 0 4
128 0 4 1
386 0 4 2
4 0 4 2 3
1080 0 4 3
1 1
4 3
693 4
1 4 0
1 4 1
2 4 2
46 4 3
28
52143 0
32 0 1
1 0 1 3
92 0 2
8 0 2 1
1115 0 3
13 0 3 4
653 0 4
2 0 4 2
4 0 4 3
45161 1
198 1 0
3 1 0 3
31 1 2
1 1 2 3
434 1 3
1 1 3 4
1067 1 4
1 1 4 2
2 1 4 3
10 3
69 4
45
1 0
89225 1
133 1 0
1 1 0 2
4 1 0 3
718 1 2
1 1 2 0
6 1 2 3
1 1 2 4
7797 1 3
12 1 3 0
2 1 3 2
47 1 3 4
2310 1 4
1 1 4 0
17 1 4 3
4 3
32 4
16
160 0
88527 1
117 1 0
1 1 0 4
197 1 2
1 1 2 3
7465 1 3
4 1 3 0
2 1 3 2
47 1 3 4
1914 1 4
21 1 4 3
27 3
3 3 4
1416 4
271 4 0
6 4 1
242 4 3
1 4 3 0
1 4 3 2
37
3476 0
3 0 1
1 0 2
58 0 3
254 0 4
2 0 4 1
81861 1
128 1 0
168 1 2
4 1 2 4
10636 1 3
4 1 3 0
7 1 3 2
63 1 3 4
3433 1 4
1 1 4 0
8 1 4 2
23 1 4 3
249 4
2 4 0
26
91589 0
95 0 1
6 0 1 4
189 0 2
1 0 2 3
1 0 2 4
3245 0 3
5 0 3 1
31 0 3 4
1410 0 4
46 0 4 1
1 0 4 2
5 0 4 3
3200 1
7 1 0
2 1 2
22 1 3
147 1 4
4 1 4 3
6 3
231 4
1 4 3
22
51638 0
43 0 1
64 0 2
1 0 2 3
1 0 2 4
1382 0 3
3 0 3 1
13 0 3 4
836 0 4
28 0 4 3
42936 1
53 1 0
1 1 0 4
107 1 2
3 1 2 3
1749 1 3
27 1 3 0
2 1 3 2
12 1 3 4
1004 1 4
3 1 4 0
1 1 4 2
8 1 4 3
26 3
1 3 1
478 4
20 4 0
5 4 3
32
95045 0
321 0 1
6 0 1 3
4 0 1 4
337 0 2
3 0 2 3
2035 0 3
8 0 3 2
7 0 3 4
2419 0 4
2 0 4 1
19 0 4 3
18 4
25
96497 0
60 0 1
1 0 1 3
394 0 2
6 0 2 3
1 0 2 4
1348 0 3
2 0 3 2
14 0 3 4
1830 0 4
6 0 4 2
56 0 4 3
2 1
12 3
223 4
5 4 3
38
4 0
88665 1
81 1 0
2 1 0 4
92 1 2
4 1 2 3
7786 1 3
22 1 3 0
48 1 3 2
87 1 3 4
3349 1 4
1 1 4 0
9 1 4 2
14 1 4 3
9 3
229 4
2 4 0
1 4 2
10 4 3
41
90814 1
462 1 0
7 1 0 3
4 1 0 4
426 1 2
1 1 2 3
12 1 2 4
4812 1 3
2 1 3 0
2 1 3 2
18 1 3 4
3570 1 4
2 1 4 0
1 1 4 2
14 1 4 3
1 3
19 4
37
94772 0
247 0 1
1 0 1 3
194 0 2
1 0 2 3
2 0 2 4
1350 0 3
1 0 3 1
21 0 3 2
1 0 3 2 4
11 0 3 4
3407 0 4
2 0 4 1
3 0 4 2
1 0 4 2 1
57 0 4 3
25 1
4 3
72 4
29 4 3
18
58838 0
123 0 1
2 0 1 3
2 0 1 4
1446 0 2
1 0 2 1
10 0 2 3
5 0 2 4
1309 0 3
1 0 3 2
29 0 3 4
1149 0 4
1 0 4 2
13 0 4 3
26285 1
14 1 0
14 1 2
1158 1 3
1 1 3 0
3 1 3 2
6 1 3 4
736 1 4
1 1 4 0
1 1 4 3
39 3
1 3 2
96 3 4
1919 4
1805 4 0
1 4 0 1
4 4 0 2
7 4 0 3
52 4 1
2 4 2
5539 4 3
2 4 3 0
21 4 3 1
3 4 3 2
32
13 0
89217 1
237 1 0
1 1 0 3
2 1 0 4
282 1 2
1 1 2 0
1 1 2 3
1 1 2 4
8152 1 3
2 1 3 0
8 1 3 2
58 1 3 4
2172 1 4
2 1 4 0
1 1 4 2
13 1 4 3
4 3
120 4
1 4 1
29
91382 0
125 0 1
2 0 1 3
257 0 2
1 0 2 3
5 0 2 4
1812 0 3
1 0 3 1
1 0 3 2
58 0 3 4
6354 0 4
27 0 4 1
51 0 4 2
1 0 4 2 3
70 0 4 3
1 1
11 3
315 4
27 4 3
19
5 0
90496 1
187 1 0
2 1 0 2
2 1 0 3
8 1 0 4
161 1 2
4233 1 3
1 1 3 0
2 1 3 2
20 1 3 4
2741 1 4
3 1 4 2
13 1 4 3
11 3
1 3 4
1055 4
1236 4 0
165 4 0 3
2 4 1
15 4 3
15
3078 0
1 0 1
121 0 2
2 0 2 3
65 0 3
1 0 3 4
426 0 4
5 0 4 3
83407 1
189 1 0
1 1 0 3
2 1 0 4
1461 1 2
20 1 2 3
40 1 2 4
12 1 2 4 0
4608 1 3
6 1 3 0
2 1 3 2
20 1 3 4
6072 1 4
2 1 4 0
2 1 4 2
72 1 4 3
13 3
762 4
1 4 0
37 4 3
20
85104 0
43 0 1
1570 0 2
2 0 2 1
7 0 2 3
67 0 2 4
1136 0 3
2 0 3 4
2247 0 4
1 0 4 1
32 0 4 3
49 1
12 3
1923 4
805 4 0
1 4 0 1
1 4 0 2
10 4 0 3
36 4 1
1 4 1 2
4 4 2
7529 4 3
14 4 3 0
3 4 3 1
3 4 3 2
13
92821 0
79 0 1
753 0 2
8 0 2 3
17 0 2 4
1203 0 3
1 0 3 1
7 0 3 4
1820 0 4
1 0 4 2
5 0 4 3
461 1
3 1 3
2 1 4
32 3
1 3 1
4 3 4
1839 4
4 4 0
2 4 1
1 4 2
1488 4 3
1 4 3 0
1 4 3 1
39
85 0
90696 1
408 1 0
11 1 0 3
5 1 0 4
212 1 2
1 1 2 3
6847 1 3
11 1 3 0
5 1 3 2
2 1 3 2 4
27 1 3 4
2316 1 4
16 1 4 3
97 4
32
1 0
78166 1
147 1 0
1 1 0 4
252 1 2
2540 1 3
1 1 3 2
12 1 3 4
16339 1 4
2180 1 4 0
5 1 4 0 2
11 1 4 0 3
20 1 4 2
134 1 4 3
2 3
458 4
33 4 1
26
94872 0
131 0 1
2 0 1 3
1 0 1 4
171 0 2
1 0 2 3
2966 0 3
3 0 3 1
6 0 3 2
53 0 3 4
869 0 4
5 0 4 3
145 1
11 3
2 3 0
1502 4
2 4 1
2 4 2
97 4 3
22
88143 0
83 0 1
166 0 2
6 0 2 3
1 0 2 4
2051 0 3
14 0 3 4
1454 0 4
62 0 4 3
2197 1
1 1 0
6 1 2
17 1 3
6 1 4
6 3
15 3 0
1655 4
4 4 1
1 4 2
4322 4 3
23 4 3 0
1 4 3 2
34
92358 1
511 1 0
1 1 0 3
21 1 0 4
758 1 2
17 1 2 3
20 1 2 4
1 1 2 4 0
4176 1 3
10 1 3 0
3 1 3 2
25 1 3 4
2983 1 4
73 1 4 0
2 1 4 0 3
2 1 4 2
16 1 4 3
4 3
33 4
19
16956 0
14 0 1
16 0 2
1 0 2 3
504 0 3
35 0 3 4
224 0 4
2 0 4 3
73233 1
135 1 0
2 1 0 4
571 1 2
7 1 2 4
5106 1 3
11 1 3 2
23 1 3 4
1 1 3 4 2
2193 1 4
2 1 4 0
1 1 4 2
24 1 4 3
13 3
1423 4
20 4 0
4 4 1
271 4 3
21
93341 0
137 0 1
135 0 2
1119 0 3
1 0 3 1
3 0 3 2
7 0 3 4
4878 0 4
1 0 4 1
7 0 4 2
44 0 4 3
18 3
483 4
7 4 0
11 4 3
