33309
56248 0
29 0 1
17 0 2
122 0 3
1 0 3 4
216 0 4
3397 1
18 1 3
8 1 4
2 2
1308 3
6391 4
1 4 0
7 4 3
33902
57463 0
39 0 1
18 0 2
181 0 3
258 0 4
10 1
1 2
528 3
1 3 4
8243 4
1 4 1
120 4 3
34013
4583 0
66 0 2
13 0 3
12 0 4
1 0 4 3
36367 1
8 1 0
23 1 2
115 1 3
3 1 3 4
221 1 4
2 2
4602 3
9 3 4
11199 4
10417 4 0
5 4 0 2
9 4 0 3
1 4 1
1 4 2
46 4 3
32941
54 0
22672 1
8 1 0
20 1 2
104 1 3
1 1 3 0
149 1 4
2 1 4 0
1 1 4 2
2 2
1687 3
2 3 1
4 3 4
43012 4
24 4 0
22 4 1
4 4 2
131 4 3
33322
23918 0
13 0 1
5 0 2
222 0 3
76 0 4
13437 1
3 1 0
1 1 2
44 1 3
75 1 4
2 2
2081 3
14 3 4
27920 4
3 4 0
23 4 1
2 4 2
155 4 3
33253
32811 0
5 0 1
8 0 2
140 0 3
1 0 3 4
140 0 4
1 0 4 3
186 1
2 1 4
1 2
930 3
22 3 0
1 3 4
33887 4
23 4 0
5 4 1
6 4 2
365 4 3
33217
27132 0
14 0 1
11 0 2
91 0 3
3 0 3 4
178 0 4
223 1
4 2
3734 3
11 3 0
19 3 4
36811 4
5 4 0
27 4 1
221 4 2
93 4 3
35027
63560 0
34 0 1
22 0 2
127 0 3
249 0 4
1247 1
2 1 2
3 1 4
1 2
467 3
1 3 2
2699 4
3 4 3
32519
39 0
10029 1
5 1 0
10 1 2
79 1 3
57 1 4
1 1 4 3
2 2
1325 3
29 3 4
56231 4
324 4 0
1 4 0 2
59 4 1
3 4 2
293 4 3
33336
59124 0
28 0 1
1 0 1 3
23 0 2
192 0 3
1 0 3 4
148 0 4
1 0 4 3
2050 1
1 1 3
2 1 4
3 2
403 3
5280 4
1 4 0
15 4 3
33575
5894 0
8 0 3
10 0 4
57025 1
66 1 0
22 1 2
634 1 3
1 1 3 0
3 1 3 4
288 1 4
1 1 4 3
3 2
611 3
2625 4
1 4 0
1 4 3
32433
6363 0
1 0 1
14 0 2
1 0 2 3
47 0 3
46 0 4
1425 1
4 1 0
3 1 2
2 1 3
6 1 4
3 2
3222 3
3 3 4
57329 4
54 4 0
90 4 1
134 4 2
523 4 3
34345
50131 0
9 0 1
13 0 2
207 0 3
2 0 3 4
195 0 4
8 1
1751 3
2 3 4
14529 4
4 4 1
20 4 3
33103
1085 0
13 0 3
2 0 4
1477 1
2 1 0
9 1 3
8 1 4
1960 3
4 3 1
60738 4
253 4 0
45 4 1
17 4 2
3183 4 3
4 4 3 0
5 4 3 2
33084
27185 0
18 0 1
13 0 2
110 0 3
1 0 3 1
129 0 4
1 0 4 1
2 0 4 3
4 1
2 2
893 3
2 3 4
39196 4
4 4 0
11 4 1
27 4 2
126 4 3
33452
16382 0
12 0 1
9 0 2
108 0 3
80 0 4
25662 1
4 1 0
12 1 2
153 1 3
1 1 3 4
121 1 4
2 2
5431 3
29 3 4
20036 4
4 4 1
52 4 3
32326
41824 0
20 0 1
19 0 2
169 0 3
326 0 4
1 0 4 3
56 1
8 2
8956 3
78 3 4
17429 4
3 4 1
16 4 2
75 4 3
33775
2106 0
1 0 1
1 0 3
37 0 4
62695 1
25 1 0
30 1 2
190 1 3
189 1 4
4 2
322 3
1 3 2
1644 4
32782
4 0
1237 1
2 1 2
6 1 3
2 1 4
2 2
483 3
62634 4
110 4 0
1 4 0 2
2 4 0 3
2426 4 1
1 4 1 0
4 4 1 2
18 4 1 3
23 4 2
1074 4 3
34054
59501 0
8 0 1
12 0 2
140 0 3
1 0 3 4
341 0 4
2 0 4 3
760 1
1 2
1050 3
2 3 4
5065 4
2 4 1
8 4 3
33204
48925 0
7 0 1
19 0 2
130 0 3
154 0 4
26 1
2 2
798 3
22 3 4
17570 4
72 4 0
5 4 1
36 4 2
67 4 3
32941
35854 0
12 0 1
7 0 2
91 0 3
287 0 4
1 0 4 3
4258 1
3 1 0
20 1 3
7 1 4
3 2
11604 3
197 3 0
5 3 1
62 3 4
15309 4
3 4 2
73 4 3
32927
50186 0
50 0 1
14 0 2
134 0 3
462 0 4
1 0 4 3
10246 1
71 1 3
35 1 4
6 2
941 3
4 3 4
5400 4
1 4 2
56 4 3
33466
5048 0
3 0 3
7 0 4
55539 1
15 1 0
9 1 2
140 1 3
320 1 4
1 1 4 3
2984 3
1 3 0
7 3 4
4288 4
2 4 2
4 4 3
32101
191 0
23399 1
325 1 0
4 1 0 3
5 1 0 4
9 1 2
102 1 3
118 1 4
2 2
5829 3
49 3 4
36985 4
19 4 0
234 4 1
4 4 2
1440 4 3
6 4 3 0
1 4 3 2
33142
6103 0
6 0 2
1 0 3
17 0 4
55619 1
16 1 0
2 1 0 4
15 1 2
1 1 2 3
121 1 3
198 1 4
3 2
606 3
2 3 0
2 3 4
4543 4
1 4 2
4 4 3
32589
15970 0
7 0 1
14 0 2
67 0 3
92 0 4
8683 1
4 1 0
1 1 2
22 1 3
23 1 4
2 2
3328 3
3 3 2
4 3 4
40164 4
12 4 0
8 4 1
12 4 2
185 4 3
34562
58268 0
13 0 1
10 0 2
343 0 3
4 0 3 4
207 0 4
1 0 4 3
18 1
3 2
435 3
1 3 4
7863 4
14 4 0
3 4 2
45 4 3
31522
7366 0
2 0 1
2 0 2
60 0 3
34 0 4
2880 1
16 1 3
14 1 4
1 1 4 3
2 2
6337 3
1 3 0
62 3 1
4 3 4
50225 4
69 4 0
2346 4 1
4 4 1 2
10 4 1 3
14 4 2
229 4 3
33004
60041 0
63 0 1
17 0 2
176 0 3
1 0 3 1
1 0 3 4
367 0 4
1902 1
19 1 4
2 2
792 3
1 3 0
7 3 4
4172 4
1 4 0
21 4 3
33606
64932 0
17 0 1
7 0 2
1 0 2 4
243 0 3
287 0 4
225 1
2 2
346 3
1 3 4
790 4
32576
9094 0
23 0 1
5 0 2
57 0 3
1 0 3 4
30 0 4
5015 1
29 1 3
32 1 4
4 2
3882 3
23 3 1
5 3 2
6 3 4
50275 4
31 4 0
91 4 1
8 4 2
727 4 3
33615
50269 0
5 0 1
26 0 2
135 0 3
131 0 4
1 0 4 3
5 1
3 2
3996 3
3 3 1
4 3 4
13785 4
173 4 0
2 4 1
210 4 3
34746
58006 0
18 0 1
21 0 2
210 0 3
1 0 3 4
139 0 4
7 1
1 2
288 3
9226 4
6 4 0
25 4 1
11 4 3
34744
105 0
66613 1
11 1 0
16 1 2
271 1 3
1 1 3 4
462 1 4
3 2
47 3
587 4
32820
15 0
27894 1
24 1 0
17 1 2
98 1 3
129 1 4
1 2
1660 3
38054 4
35 4 0
6 4 1
23 4 2
137 4 3
32429
181 0
23666 1
5 1 0
23 1 2
1 1 2 4
73 1 3
140 1 4
1 1 4 3
4752 3
2 3 2
27 3 4
3 3 4 1
39341 4
47 4 0
13 4 1
4 4 2
361 4 3
1 4 3 2
34264
58491 0
10 0 1
16 0 2
141 0 3
6 0 3 4
456 0 4
19 1
3 2
422 3
7504 4
3 4 1
4 4 3
33498
43526 0
10 0 1
83 0 2
1 0 2 3
6 0 2 4
139 0 3
1 0 3 2
249 0 4
7402 1
3 1 0
2 1 2
9 1 3
14 1 4
2 2
1563 3
3 3 2
9 3 4
15254 4
26 4 0
1 4 1
47 4 3
32838
310 0
3 0 4
20109 1
10 1 0
21 1 2
59 1 3
68 1 4
5 2
426 3
46480 4
14 4 0
56 4 1
22 4 2
443 4 3
32459
15829 0
7 0 1
5 0 2
52 0 3
39 0 4
22104 1
6 1 0
5 1 2
94 1 3
53 1 4
5 2
6104 3
2 3 0
13 3 4
24044 4
20 4 0
22 4 1
7 4 2
53 4 3
34752
48278 0
11 0 1
14 0 2
373 0 3
124 0 4
14290 1
3 1 0
3 1 2
32 1 3
78 1 4
3 2
428 3
1 3 4
4121 4
2 4 1
29 4 3
34478
64751 0
23 0 1
32 0 2
159 0 3
206 0 4
933 1
39 1 3
1 1 4
3 2
679 3
620 4
2 4 3
31807
30 0
13269 1
59 1 0
15 1 2
58 1 3
122 1 4
3 2
7205 3
4 3 0
1 3 1
3 3 2
7 3 4
47872 4
89 4 0
21 4 1
31 4 2
340 4 3
31605
57 0
18 1
2 2
1453 3
10 3 4
62712 4
2122 4 0
1 4 0 1
5 4 0 2
34 4 0 3
1070 4 1
1 4 1 0
4 4 1 2
7 4 1 3
9 4 2
1698 4 3
1 4 3 1
2 4 3 2
33315
55810 0
19 0 1
40 0 2
93 0 3
142 0 4
1328 1
4 1 3
2 1 4
2 2
3374 3
28 3 4
7172 4
2 4 0
1 4 1
30 4 3
33101
39604 0
7 0 1
1 0 1 4
192 0 2
127 0 3
140 0 4
1 0 4 2
1460 1
2 1 3
2 1 4
4 2
27 2 3
591 3
1 3 4
25522 4
30 4 0
21 4 1
5 4 2
79 4 3
33111
42611 0
29 0 1
12 0 2
466 0 3
1 0 3 2
151 0 4
12005 1
1 1 0
14 1 3
12 1 4
2 2
5678 3
4 3 0
16 3 1
3 3 4
6817 4
3 4 2
16 4 3
32544
10397 0
1 0 1
1 0 2
15 0 3
13 0 4
33663 1
4 1 0
9 1 2
158 1 3
1 1 3 4
195 1 4
1 1 4 0
6 2
751 3
22834 4
4 4 0
1 4 1
7 4 2
74 4 3
33063
45161 0
14 0 1
6 0 2
102 0 3
141 0 4
280 1
1 1 3
3 2
3045 3
1 3 0
8 3 4
19378 4
1 4 1
2 4 2
118 4 3
33452
50796 0
17 0 1
8 0 2
285 0 3
302 0 4
4785 1
115 1 0
18 1 2
26 1 3
3 1 4
5 2
993 3
1 3 4
9925 4
1 4 0
37 4 3
31877
31 0
25 1
4 2
1294 3
3 3 0
1 3 4
62512 4
1189 4 0
1 4 0 1
7 4 0 3
24 4 1
34 4 2
3763 4 3
2 4 3 0
4 4 3 1
1 4 3 2
33021
4543 0
5 0 2
13 0 3
10 0 4
56314 1
27 1 0
30 1 2
122 1 3
278 1 4
1 2
1242 3
4772 4
2 4 1
2 4 3
32289
17144 0
8 0 1
13 0 2
36 0 3
110 0 4
4595 1
5 1 0
2 1 2
20 1 3
7 1 4
3 2
7584 3
7 3 0
10 3 1
376 3 4
38401 4
74 4 0
21 4 1
10 4 2
226 4 3
33099
71 0
11935 1
4 1 0
9 1 2
60 1 3
51 1 4
2 2
697 3
2 3 4
54835 4
46 4 0
12 4 1
47 4 2
242 4 3
32720
46227 0
5 0 1
13 0 2
90 0 3
244 0 4
18 1
2 2
1406 3
3 3 0
4 3 4
20252 4
3 4 0
2 4 2
94 4 3
32517
57811 0
4 0 1
35 0 2
188 0 3
221 0 4
177 1
2 1 3
2 2
1901 3
8 3 4
8027 4
25 4 3
32970
359 0
18588 1
2 1 0
3 1 2
85 1 3
19 1 3 0
165 1 4
1 1 4 3
1 2
2712 3
45917 4
48 4 0
1 4 0 3
50 4 1
10 4 2
325 4 3
34721
65131 0
29 0 1
19 0 2
232 0 3
213 0 4
1 0 4 3
21 1
2 2
246 3
549 4
2 4 2
32471
2189 0
1 0 2
3 0 3
2 0 4
15734 1
5 1 0
7 1 2
1 1 2 4
54 1 3
83 1 4
1 1 4 2
1 1 4 3
711 3
49182 4
13 4 0
6 4 1
7 4 2
263 4 3
32833
36772 0
17 0 1
14 0 2
115 0 3
169 0 4
15 1
3 2
3072 3
9 3 4
27806 4
2 4 0
29 4 1
6 4 2
132 4 3
31915
76 0
29346 1
6 1 0
17 1 2
79 1 3
1 1 3 4
102 1 4
8 2
7198 3
29 3 1
29 3 4
32221 4
3 4 0
4 4 1
30 4 2
67 4 3
32175
6234 0
1 0 1
1 0 2
22 0 3
23 0 4
28567 1
3 1 0
15 1 2
126 1 3
122 1 4
2 1 4 3
7 2
2356 3
28 3 4
30569 4
3 4 0
44 4 1
1 4 2
73 4 3
32552
16540 0
29 0 1
1 0 1 3
6 0 2
69 0 3
103 0 4
21038 1
2 1 0
43 1 3
57 1 4
2 2
772 3
14 3 4
28927 4
5 4 0
7 4 1
2 4 2
188 4 3
35774
26796 0
3 0 1
9 0 2
128 0 3
78 0 4
1 0 4 3
39690 1
8 1 0
8 1 2
124 1 3
1 1 3 4
131 1 4
1 2
222 3
1692 4
1 4 0
8 4 1
1 4 3
32737
30149 0
27 0 1
57 0 2
95 0 3
109 0 4
8494 1
5 1 0
14 1 3
20 1 4
5 2
4173 3
1 3 0
1 3 1
2 3 4
24360 4
18 4 1
5 4 2
454 4 3
33190
6 0
35185 1
4 1 0
58 1 2
120 1 3
165 1 4
1 2
241 3
31835 4
28 4 0
9 4 1
9 4 2
1 4 2 3
102 4 3
32008
20971 0
6 0 1
17 0 2
86 0 3
141 0 4
492 1
1 1 3
3 1 4
3 2
2400 3
2 3 2
44239 4
165 4 0
64 4 1
2 4 2
173 4 3
33820
30360 0
14 0 1
13 0 2
70 0 3
218 0 4
1 0 4 3
19314 1
10 1 0
10 1 2
61 1 3
59 1 4
3 2
1209 3
43 3 4
16570 4
9 4 0
1 4 2
89 4 3
33413
55562 0
10 0 1
8 0 2
174 0 3
197 0 4
9 1
2 2
861 3
6 3 4
10637 4
9 4 0
1 4 1
1 4 2
55 4 3
33510
143 0
54834 1
10 1 0
16 1 2
176 1 3
364 1 4
1 2
2183 3
2 3 2
4 3 4
9779 4
2 4 0
9 4 1
2 4 2
7 4 3
33007
1184 0
7 0 3
38470 1
96 1 0
20 1 2
165 1 3
129 1 4
6 2
2792 3
9 3 4
24903 4
4 4 0
85 4 1
5 4 2
162 4 3
33051
6 0
59686 1
39 1 0
25 1 2
150 1 3
210 1 4
2 1 4 2
810 3
1 3 2
6583 4
2 4 0
17 4 3
34465
53707 0
30 0 1
2 0 2
107 0 3
1 0 3 4
101 0 4
7 1
3 2
1380 3
3 3 1
28 3 4
12967 4
2 4 0
1 4 1
1 4 2
84 4 3
32870
16732 0
6 0 1
135 0 2
1 0 2 3
26 0 3
2 0 3 2
17978 0 4
6 0 4 1
9 0 4 2
83 0 4 3
54 1
1 2
933 3
2 3 4
32202 4
27 4 0
7 4 1
38 4 2
1 4 2 3
423 4 3
33797
23572 0
2 0 1
8 0 2
94 0 3
56 0 4
34907 1
79 1 0
10 1 2
179 1 3
194 1 4
3 2
890 3
2 3 4
7572 4
1 4 0
28 4 3
35731
35 0
65851 1
22 1 0
1 1 0 3
27 1 2
308 1 3
2 1 3 2
1 1 3 4
193 1 4
1 1 4 3
2 2
474 3
2 3 4
2058 4
1 4 3
32413
951 0
6 0 3
4 0 4
12032 1
4 1 0
1 1 0 3
1 1 0 4
9 1 2
56 1 3
52 1 4
5 2
4217 3
2 3 2
63 3 4
50612 4
159 4 0
1 4 0 3
67 4 1
9 4 2
513 4 3
33320
2716 0
1 0 2
11 0 3
5 0 4
39835 1
10 1 0
2 1 2
93 1 3
108 1 4
2 2
636 3
23873 4
13 4 0
1 4 1
3 4 2
37 4 3
32377
41274 0
4 0 1
42 0 2
181 0 3
183 0 4
2 0 4 1
1 0 4 2
1 0 4 3
3176 1
20 1 3
21 1 4
3 2
1051 3
3 3 4
22258 4
34 4 0
3 4 1
22 4 2
230 4 3
33429
33147 0
8 0 1
18 0 2
73 0 3
109 0 4
8657 1
3 1 0
7 1 2
35 1 3
50 1 4
1 1 4 0
1 2
3722 3
1 3 1
6 3 4
22508 4
35 4 0
5 4 0 3
9 4 1
1 4 2
98 4 3
33967
64117 0
20 0 1
16 0 2
188 0 3
2 0 3 4
296 0 4
5 1
3 2
109 3
2204 4
2 4 3
33045
51594 0
6 0 1
26 0 2
134 0 3
229 0 4
219 1
8 2
1161 3
3 3 0
11 3 4
14184 4
2 4 0
6 4 1
2 4 2
100 4 3
33123
154 0
53411 1
11 1 0
7 1 2
103 1 3
166 1 4
1 1 4 0
4 2
1356 3
12546 4
10 4 0
1 4 1
28 4 2
79 4 3
33843
105 0
64879 1
30 1 0
12 1 2
118 1 3
185 1 4
1 2
206 3
1269 4
1 4 3
33062
57473 0
8 0 1
21 0 2
147 0 3
367 0 4
965 1
1 1 3
1 2
413 3
5 3 0
4 3 4
7485 4
606 4 3
32807
2074 0
2 0 2
12 0 3
17 0 4
3984 1
1 1 0
34 1 3
1 1 3 2
1 1 3 4
47 1 4
1 2
6300 3
9 3 0
4 3 1
15 3 2
117 3 4
52855 4
92 4 0
53 4 1
5 4 2
2764 4 3
1 4 3 0
3 4 3 1
2 4 3 2
34171
162 0
53192 1
21 1 0
8 1 2
129 1 3
187 1 4
8 2
1323 3
4 3 4
11977 4
7 4 0
7 4 1
1 4 2
14 4 3
32623
35224 0
48 0 1
10 0 2
105 0 3
2701 0 4
3 0 4 1
1 0 4 2
6 0 4 3
316 1
3 2
1459 3
1 3 1
1 3 4
28802 4
5 4 0
1 4 1
1 4 2
184 4 3
32747
246 0
1 0 4
23310 1
3 1 0
30 1 2
86 1 3
152 1 4
2 2
1558 3
1 3 1
17 3 4
42698 4
513 4 0
4 4 0 3
15 4 1
2 4 2
277 4 3
32250
764 0
8 0 3
1 0 4
25658 1
6 1 0
4 1 2
150 1 3
123 1 4
1 2
3120 3
21 3 4
38515 4
5 4 0
12 4 1
27 4 2
162 4 3
33163
10146 0
14 0 1
4 0 2
32 0 3
29 0 4
246 1
1 1 4
3 2
1208 3
1 3 4
55433 4
146 4 0
2 4 0 3
34 4 1
17 4 2
1947 4 3
2 4 3 0
2 4 3 2
32411
6820 0
5 0 1
23 0 2
35 0 3
113 0 4
751 1
1 1 2
1 1 3
2 1 4
2 2
5529 3
5 3 1
1 3 2
58 3 4
55234 4
22 4 0
16 4 1
20 4 2
702 4 3
34510
1205 0
62761 1
66 1 0
1 1 0 3
25 1 2
239 1 3
1 1 3 4
165 1 4
2 2
177 3
3851 4
4 4 0
23 4 2
10 4 3
33417
84 0
42481 1
14 1 0
12 1 2
186 1 3
140 1 4
3 2
330 3
24114 4
21 4 0
107 4 1
2 4 2
80 4 3
32597
10484 0
4 0 1
10 0 2
63 0 3
63 0 4
2246 1
1 1 0
1 1 3
32 1 4
2 2
1379 3
5 3 0
53555 4
13 4 0
11 4 1
6 4 2
727 4 3
1 4 3 1
31922
7879 0
2 0 1
2 0 2
27 0 3
34 0 4
1645 1
6 1 3
4 1 4
1 2
1170 3
81 3 0
6 3 4
56411 4
19 4 0
6 4 1
30 4 2
2291 4 3
2 4 3 0
2 4 3 1
1 4 3 2
33503
8 0
60441 1
29 1 0
18 1 2
182 1 3
1 1 3 4
168 1 4
2 2
795 3
2 3 4
5394 4
1 4 0
2 4 1
13 4 3
32799
6057 0
1 0 2
18 0 3
24 0 4
10500 1
5 1 0
6 1 2
50 1 3
1 1 3 2
1 1 3 4
94 1 4
1 1 4 3
1 2
3361 3
7 3 4
47617 4
40 4 0
23 4 1
4 4 2
609 4 3
31898
31662 0
11 0 1
18 0 2
137 0 3
192 0 4
50 1
3 2
3632 3
7 3 4
33139 4
19 4 0
26 4 1
1 4 2
126 4 3
