1924
91632 0
51 0 1
1 0 1 4
100 0 2
1 0 2 3
1 0 2 4
521 0 3
6 0 3 4
898 0 4
2 0 4 3
2793 1
1 1 0
14 1 3
4 1 4
1 2
248 3
2186 4
1 4 0
1 4 2
24 4 3
2044
94670 0
70 0 1
123 0 2
2 0 2 3
442 0 3
2 0 3 4
1448 0 4
2 0 4 1
10 0 4 3
2 1
115 3
1 3 4
1583 4
2 4 1
27 4 3
1822
19745 0
20 0 1
49 0 2
5 0 2 4
197 0 3
3 0 3 4
160 0 4
1 0 4 2
1 0 4 3
70480 1
33 1 0
202 1 2
3 1 2 4
339 1 3
1 1 3 4
495 1 4
3 1 4 0
8 1 4 3
891 3
3 3 4
2648 4
3304 4 0
1 4 0 1
2 4 0 2
15 4 0 3
17 4 3
1689
7 0
80339 1
69 1 0
1 1 0 3
492 1 2
2 1 2 0
3 1 2 3
9 1 2 4
688 1 3
7 1 3 2
1010 1 4
12 1 4 0
247 3
15323 4
17 4 0
25 4 1
4 4 2
154 4 3
1818
49278 0
49 0 1
1 0 1 3
121 0 2
651 0 3
2 0 3 4
320 0 4
2 0 4 3
37857 1
26 1 0
13 1 2
385 1 3
2 1 3 4
430 1 4
292 3
8548 4
1 4 0
175 4 1
1 4 2
87 4 3
1722
77618 0
34 0 1
67 0 2
556 0 3
17 0 3 4
660 0 4
7 0 4 3
72 1
1 1 4
110 3
6 3 0
18635 4
35 4 0
46 4 1
10 4 2
1166 4 3
1798
83422 0
93 0 1
88 0 2
635 0 3
8 0 3 2
9 0 3 4
1077 0 4
5 0 4 3
73 1
593 3
4 3 0
1 3 4
12423 4
2 4 0
35 4 1
23 4 2
91 4 3
1919
94136 0
321 0 1
2 0 1 3
1 0 1 4
107 0 2
780 0 3
3 0 3 4
997 0 4
3 0 4 3
850 1
1 1 2
1 1 3
12 1 4
82 3
804 4
1585
5 0
65184 1
139 1 0
167 1 2
911 1 3
3 1 3 4
693 1 4
4 1 4 0
8 1 4 3
240 3
6 3 4
27922 4
2418 4 0
1 4 0 1
2 4 0 2
10 4 0 3
528 4 1
4 4 2
841 4 3
2028
95190 0
140 0 1
1 0 1 4
98 0 2
682 0 3
3 0 3 4
679 0 4
865 1
1 1 3
2 1 4
1 2
34 3
905 4
8 4 3
1865
1249 0
2 0 3
35 0 4
93361 1
139 1 0
116 1 2
1 1 2 3
953 1 3
1 1 3 0
3 1 3 4
1799 1 4
3 1 4 3
122 3
1 3 1
721 4
1 4 0
3 4 3
1530
58030 0
21 0 1
551 0 2
22 0 2 3
4 0 2 4
488 0 3
733 0 4
4 0 4 3
5610 1
16 1 0
4 1 2
16 1 3
34 1 4
616 3
1 3 4
29691 4
161 4 0
442 4 1
1 4 1 3
148 4 2
2331 4 3
4 4 3 2
2003
93009 0
36 0 1
31 0 2
837 0 3
45 0 3 4
847 0 4
2 0 4 2
1 1
205 3
3402 4
1 4 1
10 4 3
1496
6673 0
37 0 3
27 0 4
1 0 4 1
19300 1
10 1 0
29 1 2
322 1 3
1 1 3 0
2 1 3 2
283 1 4
1 1 4 3
1 2
342 3
33839 4
1945 4 0
5 4 0 1
11 4 0 3
155 4 1
18 4 2
35500 4 3
37 4 3 0
14 4 3 1
54 4 3 2
1886
83601 0
102 0 1
69 0 2
1 0 2 3
574 0 3
2 0 3 4
790 0 4
1 0 4 2
1 0 4 3
3 1
178 3
1 3 4
12899 4
11 4 0
6 4 1
16 4 2
159 4 3
1 4 3 0
1827
33198 0
27 0 1
35 0 2
297 0 3
5 0 3 4
525 0 4
1 0 4 2
2 0 4 3
58317 1
16 1 0
47 1 2
589 1 3
1 1 3 4
878 1 4
1 1 4 3
798 3
6 3 4
3810 4
1 4 0
26 4 3
1634
89552 0
74 0 1
67 0 2
539 0 3
1996 0 4
2 0 4 3
7 1
1 1 4
1 2
1372 3
93 3 4
5149 4
4 4 1
10 4 2
44 4 3
1860
1632 0
5 0 3
172 0 4
94255 1
129 1 0
175 1 2
2 1 2 3
1 1 2 4
1068 1 3
11 1 3 4
785 1 4
1 1 4 2
3 1 4 3
59 3
416 4
1526
10175 1
3 1 0
5 1 2
180 1 3
64 1 4
1 1 4 3
65 3
1 3 4
40040 4
755 4 0
7 4 0 1
1 4 0 3
39853 4 1
53 4 1 0
1 4 1 0 3
30 4 1 2
235 4 1 3
3 4 1 3 0
41 4 2
7255 4 3
2 4 3 0
1 4 3 1
6 4 3 2
2043
95551 0
52 0 1
1 0 1 3
53 0 2
594 0 3
1 0 3 2
1 0 3 4
951 0 4
7 0 4 3
119 1
133 3
1054 4
6 4 1
3 4 3
1778
91509 0
74 0 1
111 0 2
1 0 2 3
1 0 2 4
550 0 3
10 0 3 4
701 0 4
1 0 4 2
2 0 4 3
2 1
1 1 3
167 3
5115 4
2 4 0
3 4 1
6 4 2
89 4 3
1781
81973 0
46 0 1
35 0 2
516 0 3
1 0 3 1
1 0 3 2
1 0 3 4
1672 0 4
2 0 4 1
4 0 4 2
16 0 4 3
6924 1
5 1 0
3 1 2
39 1 3
34 1 4
1632 3
112 3 0
50 3 4
5015 4
2 4 0
4 4 2
128 4 3
1813
78294 0
772 0 1
1 0 1 2
9 0 1 3
3 0 1 4
93 0 2
490 0 3
1143 0 4
3 0 4 1
5 0 4 3
15504 1
13 1 0
1 1 2
56 1 3
181 1 4
134 3
1 3 4
1902 4
13 4 3
1759
1861 0
3 0 3
9 0 4
93625 1
65 1 0
1 1 0 2
1 1 0 3
65 1 2
556 1 3
1 1 3 2
4 1 3 4
1193 1 4
4 1 4 3
476 3
1 3 4
898 4
1 4 2
4 4 3
1575
22 0
67283 1
4345 1 0
3 1 0 2
43 1 0 3
211 1 0 4
100 1 2
1 1 2 0
1 1 2 3
1 1 2 4
660 1 3
2 1 3 0
1 1 3 4
563 1 4
1 1 4 3
994 3
48 3 4
14055 4
22 4 0
281 4 1
3 4 2
9697 4 3
45 4 3 0
2 4 3 1
42 4 3 2
1901
3267 0
1 0 1
2 0 2
4 0 3
20 0 4
92064 1
381 1 0
2 1 0 3
72 1 0 4
143 1 2
12 1 2 3
714 1 3
1 1 3 4
739 1 4
4 1 4 3
115 3
1 3 4
1046 4
1759
62298 0
43 0 1
1 0 1 3
147 0 2
481 0 3
1 0 3 2
1 0 3 4
653 0 4
1 0 4 2
3 0 4 3
19969 1
16 1 0
5 1 2
300 1 3
122 1 4
474 3
1 3 2
1 3 4
14232 4
12 4 0
17 4 1
3 4 2
143 4 3
1 4 3 1
2021
93523 0
53 0 1
1 0 1 4
51 0 2
1025 0 3
1 0 3 4
912 0 4
2 0 4 2
4 1
1 2
68 3
2741 4
20 4 0
1 4 2
53 4 3
1489
47225 0
57 0 1
52 0 2
1336 0 3
3 0 3 1
1 0 3 2
53 0 3 4
314 0 4
1 0 4 3
9880 1
15 1 0
2 1 2
81 1 3
98 1 4
1099 3
37 3 1
1 3 2
1 3 4
23008 4
49 4 0
15406 4 1
7 4 1 0
33 4 1 2
93 4 1 3
11 4 2
360 4 3
1822
92379 0
170 0 1
1 0 1 4
77 0 2
721 0 3
11 0 3 1
2 0 3 2
8 0 3 4
899 0 4
1 0 4 3
2590 1
2 1 2
5 1 3
52 1 4
115 3
1 3 4
1521 4
2 4 0
2 4 3
2065
96511 0
57 0 1
64 0 2
695 0 3
2 0 3 4
1060 0 4
2 0 4 2
3 0 4 3
40 1
45 3
166 4
1533
63904 0
372 0 1
2 0 1 3
84 0 2
1 0 2 3
600 0 3
15 0 3 4
410 0 4
10115 1
1 1 0
3 1 2
85 1 3
111 1 4
752 3
30 3 1
2 3 2
4 3 4
21444 4
13 4 0
183 4 1
1 4 1 3
3 4 2
1494 4 3
1 4 3 0
1 4 3 2
1762
91144 0
47 0 1
122 0 2
686 0 3
2 0 3 4
779 0 4
4 0 4 3
3 1
638 3
2 3 4
4604 4
90 4 0
303 4 3
2069
92931 0
136 0 1
2 0 1 3
2 0 1 4
117 0 2
1 0 2 3
3 0 2 4
700 0 3
1 0 3 4
797 0 4
1 0 4 3
46 3
3607 4
3 4 0
14 4 1
8 4 3
2015
15 0
95864 1
71 1 0
1 1 0 4
135 1 2
2 1 2 0
957 1 3
1 1 3 2
1305 1 4
1 1 4 2
5 3
126 4
1721
1 0
81038 1
116 1 0
118 1 2
692 1 3
1 1 3 4
766 1 4
1 1 4 2
1 1 4 3
262 3
15018 4
253 4 0
5 4 0 2
12 4 1
6 4 2
405 4 3
1632
69 0
78965 1
39 1 0
1 1 0 3
1 1 0 4
152 1 2
3 1 2 4
666 1 3
2 1 3 2
3 1 3 4
1392 1 4
3 1 4 3
1 2
495 3
1 3 0
16 3 4
15363 4
24 4 0
3 4 1
2 4 2
1309 4 3
2055
94059 0
47 0 1
48 0 2
775 0 3
8 0 3 4
1195 0 4
4 0 4 3
1 1
1 2
83 3
2133 4
1 4 0
1 4 1
9 4 3
1856
80917 0
69 0 1
621 0 2
2 0 2 3
40 0 2 4
634 0 3
3 0 3 2
509 0 4
10763 1
3 1 0
12 1 2
35 1 3
75 1 4
1 2
250 3
4 3 4
4577 4
25 4 0
12 4 1
21 4 3
1702
1078 0
9 0 3
12 0 4
74851 1
94 1 0
237 1 2
1 1 2 3
9 1 2 4
547 1 3
1 1 3 0
1 1 3 2
4 1 3 4
682 1 4
2 1 4 0
1 1 4 0 3
1 1 4 3
68 3
19737 4
23 4 0
199 4 1
3 4 1 3
17 4 2
950 4 3
1 4 3 0
1743
38136 0
29 0 1
25 0 2
577 0 3
10 0 3 4
290 0 4
1 0 4 3
50696 1
15 1 0
35 1 2
430 1 3
1 1 3 4
359 1 4
2 1 4 3
1027 3
2 3 4
6845 4
9 4 0
35 4 1
3 4 2
31 4 3
2060
82370 0
48 0 1
61 0 2
611 0 3
1 0 3 4
684 0 4
1 0 4 3
13083 1
2 1 0
6 1 2
71 1 3
77 1 4
89 3
1171 4
12 4 3
2087
95935 0
137 0 1
1 0 1 3
1 0 1 4
149 0 2
1 0 2 3
1 0 2 4
676 0 3
4 0 3 4
784 0 4
1 0 4 1
127 1
14 1 3
103 3
180 4
1 4 3
1397
3 0
72594 1
431 1 0
1 1 0 2
1 1 0 4
139 1 2
841 1 3
4 1 3 4
992 1 4
3 1 4 3
886 3
2 3 1
2 3 4
22367 4
248 4 0
10 4 1
4 4 2
770 4 3
1468
21 0
5 1
240 3
1 3 1
2 3 4
40219 4
28053 4 0
19 4 0 1
181 4 0 2
478 4 0 3
15275 4 1
4 4 1 0
20 4 1 2
80 4 1 3
11 4 2
14036 4 3
18 4 3 0
16 4 3 1
11 4 3 2
1818
94519 0
63 0 1
2 0 1 2
109 0 2
3 0 2 3
434 0 3
2 0 3 4
958 0 4
2 0 4 1
14 0 4 3
1046 1
3 1 3
1 1 4
534 3
1 3 0
4 3 4
2235 4
1 4 0
14 4 3
1851
85939 0
52 0 1
532 0 2
3 0 2 3
2 0 2 4
809 0 3
4 0 3 4
783 0 4
2 0 4 3
1797 1
3 1 2
6 1 3
3 1 4
7 2 3
83 3
8740 4
43 4 0
3 4 1
1 4 2
106 4 3
1833
83273 0
169 0 1
1 0 1 3
64 0 2
1243 0 3
1 0 3 2
5 0 3 4
961 0 4
3 0 4 3
10490 1
2 1 0
2 1 2
40 1 3
57 1 4
887 3
3 3 1
1 3 4
1706 4
5 4 3
1839
6319 0
3 0 1
1 0 2
68 0 3
25 0 4
85390 1
42 1 0
1 1 0 4
89 1 2
610 1 3
2 1 3 0
10 1 3 4
866 1 4
1 1 4 2
8 1 4 3
116 3
5557 4
1 4 0
2 4 2
21 4 3
1765
90467 0
67 0 1
1 0 1 4
48 0 2
561 0 3
761 0 4
1 0 4 3
58 1
434 3
2 3 4
6495 4
3 4 2
71 4 3
1977
92623 0
75 0 1
32 0 2
894 0 3
2 0 3 4
679 0 4
1206 1
107 1 0
2 1 0 3
8 1 2
6 1 3
1 2
159 3
2891 4
4 4 0
24 4 3
1414
5 0
1 2
176 3
1 3 4
37161 4
21654 4 0
34 4 0 1
10 4 0 2
1 4 0 2 3
116 4 0 3
91 4 1
35 4 2
39472 4 3
50 4 3 0
12 4 3 1
33 4 3 2
1886
7733 0
2 0 1
6 0 2
1 0 2 3
39 0 3
70 0 4
88142 1
57 1 0
97 1 2
444 1 3
1 1 3 4
1292 1 4
3 1 4 3
184 3
876 4
1577
67539 0
72 0 1
108 0 2
1 0 2 3
389 0 3
1183 0 4
1 0 4 1
1 0 4 3
13523 1
15 1 0
11 1 2
1 1 2 4
141 1 3
57 1 4
1135 3
10 3 0
584 3 4
1 3 4 0
13125 4
341 4 0
1 4 0 3
56 4 1
11 4 2
355 4 3
1623
21 0
73400 1
38 1 0
1 1 0 4
93 1 2
726 1 3
1 1 3 0
3 1 3 4
567 1 4
4 1 4 3
124 3
23533 4
271 4 0
11 4 1
8 4 2
324 4 3
1664
89940 0
36 0 1
69 0 2
479 0 3
1251 0 4
9 0 4 3
4 1
245 3
6773 4
6 4 0
3 4 1
2 4 2
106 4 3
1642
94231 0
50 0 1
48 0 2
616 0 3
2 0 3 4
1151 0 4
1 0 4 1
120 1
35 1 3
276 3
2 3 4
2218 4
18 4 3
1683
91 0
77641 1
81 1 0
36 1 2
612 1 3
37 1 3 0
1 1 3 4
1143 1 4
2 1 4 2
2 1 4 3
531 3
18066 4
130 4 0
109 4 1
3 4 2
653 4 3
2173
96974 0
65 0 1
1 0 1 4
57 0 2
655 0 3
1 0 3 1
768 0 4
2 0 4 3
3 1
45 3
72 4
1683
1195 0
1 0 2
6 0 3
4 0 4
77154 1
74 1 0
181 1 2
3 1 2 0
12 1 2 4
528 1 3
1 1 3 4
972 1 4
9 1 4 2
3 1 4 3
90 3
18134 4
8 4 0
1 4 1
6 4 2
279 4 3
1776
89083 0
81 0 1
91 0 2
1 0 2 3
564 0 3
666 0 4
4 1
402 3
3 3 4
7821 4
3 4 0
7 4 1
85 4 3
1512
16 0
85753 1
42 1 0
1 1 0 4
59 1 2
632 1 3
1 1 3 4
840 1 4
1 1 4 2
1 2
1176 3
65 3 1
19 3 4
9843 4
9 4 0
6 4 1
37 4 2
41 4 3
1673
2771 0
2 0 1
16 0 3
57 0 4
84673 1
50 1 0
3 1 0 4
48 1 2
1 1 2 3
646 1 3
835 1 4
1 1 4 2
1 1 4 3
306 3
7 3 4
9264 4
3 4 0
61 4 1
3 4 2
49 4 3
1729
54754 0
100 0 1
5 0 1 3
67 0 2
1 0 2 3
595 0 3
1 0 3 4
649 0 4
1 0 4 3
32806 1
69 1 0
10 1 2
193 1 3
1 1 3 4
367 1 4
3 1 4 3
140 3
9 3 4
8898 4
2 4 1
97 4 3
2011
54962 0
19 0 1
1 0 1 3
36 0 2
518 0 3
3 0 3 4
334 0 4
1 0 4 3
40722 1
17 1 0
20 1 2
608 1 3
5 1 3 4
453 1 4
1 1 4 3
38 3
613 4
3 4 1
3 4 3
1736
76775 0
61 0 1
389 0 2
1 0 2 3
493 0 3
579 0 4
1 0 4 2
4 0 4 3
14238 1
40 1 0
4 1 2
72 1 3
1 1 3 4
99 1 4
639 3
1 3 4
5967 4
1 4 1
3 4 2
70 4 3
1811
1 0
85713 1
199 1 0
5 1 0 4
137 1 2
726 1 3
9 1 3 0
1 1 3 2
2 1 3 4
1036 1 4
1 1 4 3
41 3
10809 4
18 4 0
1 4 1
2 4 2
128 4 3
1574
83354 0
37 0 1
61 0 2
1 0 2 3
587 0 3
8 0 3 4
1276 0 4
6 0 4 1
1 0 4 2
3 0 4 3
581 1
2 1 3
325 3
12320 4
10 4 0
13 4 1
3 4 2
167 4 3
1798
64387 0
32 0 1
45 0 2
767 0 3
1 0 3 2
16 0 3 4
1979 0 4
6 0 4 1
7 0 4 3
26845 1
9 1 0
11 1 2
106 1 3
125 1 4
1 1 4 3
242 3
16 3 4
4246 4
1 4 0
50 4 3
1924
94316 0
31 0 1
91 0 2
1 0 2 1
2 0 2 3
862 0 3
1 0 3 4
719 0 4
5 0 4 3
1 1
147 3
2705 4
4 4 0
11 4 3
1969
20 0
93054 1
104 1 0
1 1 0 4
81 1 2
1 1 2 4
939 1 3
6 1 3 4
1954 1 4
2 1 4 2
14 1 4 3
1 2
424 3
2145 4
1 4 0
5 4 1
2 4 3
1755
479 0
1 0 3
86112 1
199 1 0
2 1 0 3
2 1 0 4
331 1 2
3 1 2 4
1735 1 3
1 1 3 0
13 1 3 4
578 1 4
6 1 4 0
1 1 4 3
330 3
1 3 4
9212 4
4 4 0
13 4 1
2 4 2
110 4 3
1928
1 0
95031 1
77 1 0
122 1 2
8 1 2 3
1 1 2 4
518 1 3
2 1 3 4
1313 1 4
4 1 4 0
179 1 4 2
5 1 4 2 3
7 1 4 3
59 3
1044 4
2 4 3
1848
91581 0
70 0 1
62 0 2
537 0 3
672 0 4
1 0 4 1
2 0 4 3
219 3
4 3 4
4910 4
1 4 1
2 4 2
123 4 3
1661
4494 0
1 0 1
621 0 2
7 0 2 3
5 0 2 4
9 0 3
79332 0 4
49 0 4 1
69 0 4 2
577 0 4 3
19 1
182 3
12552 4
19 4 0
7 4 1
38 4 2
489 4 3
1 4 3 0
1841
39377 0
16 0 1
34 0 2
312 0 3
1 0 3 4
320 0 4
55130 1
359 1 0
41 1 2
1 1 2 3
322 1 3
3 1 3 4
694 1 4
127 3
1 3 4
1505 4
5 4 0
2 4 3
2088
6 0
95043 1
56 1 0
1 1 0 3
172 1 2
1 1 2 3
1284 1 3
1 1 3 0
3 1 3 4
843 1 4
2 1 4 3
113 3
512 4
1 4 3
1498
1167 0
5 0 3
5 0 4
70124 1
41 1 0
1 1 0 4
60 1 2
1 1 2 3
1 1 2 4
747 1 3
644 1 4
2 1 4 3
733 3
13 3 4
23795 4
486 4 0
56 4 1
4 4 2
1341 4 3
7 4 3 0
1890
2844 0
1 0 1
13 0 2
17 0 3
35 0 4
88716 1
101 1 0
33 1 2
845 1 3
1 1 3 2
4 1 3 4
819 1 4
6 1 4 2
2 1 4 3
2 2
81 3
5127 4
7 4 0
2 4 1
10 4 3
1732
87158 0
42 0 1
144 0 2
1138 0 3
1 0 3 1
1 0 3 2
9 0 3 4
816 0 4
11 0 4 1
1 0 4 2
3 0 4 3
4251 1
3 1 0
19 1 3
1 1 3 4
73 1 4
1 1 4 3
137 3
4805 4
2 4 0
4 4 1
8 4 2
45 4 3
1733
53057 0
31 0 1
1 0 1 4
84 0 2
1 0 2 4
326 0 3
399 0 4
12 0 4 3
34772 1
42 1 0
24 1 2
215 1 3
3 1 3 0
2 1 3 4
363 1 4
589 3
2 3 4
8394 4
104 4 0
5 4 0 3
6 4 1
1 4 2
50 4 3
2139
95931 0
193 0 1
99 0 2
711 0 3
1 0 3 4
861 0 4
1 1
20 3
422 4
4 4 3
1936
92676 0
29 0 1
122 0 2
2 0 2 3
600 0 3
748 0 4
2 0 4 3
24 1
193 3
1 3 4
3987 4
1 4 2
47 4 3
1834
50 0
92117 1
57 1 0
55 1 2
731 1 3
1 1 3 0
1 1 3 2 0
1 1 3 4
831 1 4
4 1 4 0
1 1 4 2
5 1 4 3
1 2
203 3
1 3 4
4482 4
5 4 0
17 4 2
112 4 3
2046
18 0
1 0 4
96161 1
121 1 0
1 1 0 4
59 1 2
543 1 3
1 1 3 4
938 1 4
1 1 4 0
26 3
366 4
1 4 0
1879
94741 0
67 0 1
91 0 2
588 0 3
4 0 3 2
1373 0 4
4 0 4 3
284 1
67 3
1 3 4
1356 4
327 4 3
1 4 3 0
1569
19307 0
19 0 1
88 0 2
139 0 3
197 0 4
24091 1
5 1 0
8 1 2
440 1 3
1 1 3 0
1 1 3 2
2 1 3 4
546 1 4
2 1 4 0
1 1 4 3
1118 3
6 3 0
8 3 2
422 3 4
31057 4
1215 4 0
1 4 0 2
3 4 0 3
240 4 1
6 4 2
19732 4 3
9 4 3 0
57 4 3 1
4 4 3 2
1842
161 0
1 0 3
93298 1
79 1 0
53 1 2
940 1 3
5 1 3 4
724 1 4
1 1 4 2
1 1 4 3
194 3
2 3 4
2917 4
2 4 0
3 4 1
3 4 3
1699
86373 0
89 0 1
1 0 1 3
43 0 2
1 0 2 3
676 0 3
4235 0 4
3 0 4 1
21 0 4 3
139 1
203 3
6545 4
6 4 0
1 4 1
212 4 3
1633
73 0
76846 1
55 1 0
91 1 2
513 1 3
3 1 3 4
806 1 4
4 1 4 3
1 2
271 3
22 3 4
18088 4
1565 4 0
5 4 0 3
13 4 1
159 4 3
1554
1698 0
1 0 1
11 0 3
36 0 4
1 0 4 3
79650 1
48 1 0
1 1 0 2
111 1 2
1359 1 3
7 1 3 4
1339 1 4
3 1 4 3
355 3
1 3 4
14069 4
5 4 0
20 4 1
20 4 2
187 4 3
1557
46053 0
38 0 1
1 0 1 3
96 0 2
3 0 2 4
338 0 3
1 0 3 4
511 0 4
3 0 4 3
344 1
2 1 4
1 2
273 3
1 3 2
31259 4
1186 4 0
1 4 0 1
37 4 0 3
174 4 1
4 4 1 2
23 4 2
18615 4 3
19 4 3 0
9 4 3 1
11 4 3 2
1459
58346 0
38 0 1
294 0 2
2 0 2 3
14 0 2 4
379 0 3
1 0 3 2
960 0 4
4 0 4 3
1562 1
1 1 2
2 1 3
8 1 4
945 3
4 3 1
77 3 4
31051 4
51 4 0
52 4 1
21 4 2
4972 4 3
10 4 3 0
1 4 3 1
1997
652 0
3 0 4
94149 1
148 1 0
1 1 0 3
1 1 0 4
114 1 2
892 1 3
5 1 3 4
762 1 4
4 1 4 3
33 3
1513 4
8 4 2
13 4 3
1837
22 0
87780 1
66 1 0
1 1 0 3
81 1 2
1 1 2 4
608 1 3
1344 1 4
40 1 4 0
1 1 4 2
8 1 4 3
67 3
8120 4
7 4 0
212 4 1
1 4 2
63 4 3
1563
69550 0
63 0 1
109 0 2
602 0 3
2 0 3 1
2 0 3 4
474 0 4
4 0 4 3
1873 1
1 1 0
4 1 3
27 1 4
251 3
6 3 0
24959 4
8 4 0
20 4 1
7 4 2
713 4 3
1 4 3 0
1432
48221 0
29 0 1
29 0 2
426 0 3
1 0 3 4
329 0 4
3 0 4 3
5598 1
2 1 0
6 1 2
30 1 3
18 1 4
1 1 4 3
197 3
82 3 0
2 3 1
1 3 4
28592 4
13 4 0
13 4 1
9 4 2
15666 4 3
40 4 3 0
9 4 3 1
2 4 3 2
1953
95623 1
125 1 0
1 1 0 3
1 1 0 4
125 1 2
1 1 2 4 0
573 1 3
2 1 3 4
1071 1 4
3 1 4 3
99 3
1 3 4
932 4
1610
18387 0
15 0 1
14 0 2
156 0 3
1 0 3 4
95 0 4
52363 1
48 1 0
108 1 2
673 1 3
6 1 3 4
865 1 4
3 1 4 3
393 3
1 3 4
23723 4
128 4 0
38 4 1
7 4 2
1890 4 3
1 4 3 2
1644
86565 0
112 0 1
89 0 2
691 0 3
1075 0 4
2 0 4 3
7 1
450 3
1 3 4
9744 4
29 4 0
9 4 1
91 4 3
